,1,5,25,50,75,95,99,date
0,286.4049310302735,286.5317352294922,286.98480224609375,287.2563781738281,288.6219940185547,288.7737213134766,288.8113604736328,2015-01-01
1,285.16789489746094,285.5959442138672,286.9243469238281,287.69366455078125,288.2304229736328,288.81480102539064,288.8314416503906,2015-02-01
2,287.32353759765624,287.4775512695312,288.1287384033203,289.0128479003906,289.3515930175781,289.87486572265624,290.03136962890625,2015-03-01
3,288.50582702636723,288.8870452880859,290.0910949707031,290.3052062988281,290.58372497558594,292.4821533203125,293.13302734375003,2015-04-01
4,290.3262341308594,290.74689331054685,292.10560607910156,292.2863464355469,292.6711883544922,293.94484252929686,294.36824096679686,2015-05-01
5,292.4551190185547,292.9212249755859,294.51551818847656,295.1689758300781,295.78424072265625,299.7626495361328,301.09540100097655,2015-06-01
6,296.1274493408203,296.3784576416016,297.6165771484375,298.8126525878906,299.6024169921875,302.985205078125,303.8957958984375,2015-07-01
7,296.738271484375,296.8333251953125,298.1098327636719,299.2566223144531,301.2021179199219,304.08531799316404,304.7632550048828,2015-08-01
8,295.49822021484374,295.74195556640626,296.76658630371094,297.9495849609375,298.09027099609375,300.3335723876953,301.06830139160155,2015-09-01
9,293.5801751708984,293.5860565185547,293.7660369873047,294.41839599609375,295.7507781982422,296.06627502441404,296.1195294189453,2015-10-01
10,290.6830224609375,290.6917236328125,290.9073486328125,291.4602355957031,292.0136413574219,292.5024871826172,292.55760192871094,2015-11-01
11,286.08038208007815,286.80706176757815,289.2313537597656,289.6778869628906,289.9167022705078,291.6256378173828,292.16431213378905,2015-12-01
12,287.4554754638672,287.5661956787109,287.986083984375,288.4291687011719,288.85943603515625,289.34034118652346,289.47407409667966,2016-01-01
13,287.4059979248047,287.4084075927734,287.5929718017578,288.2605895996094,289.0110168457031,289.6816345214844,289.7932116699219,2016-02-01
14,287.4375921630859,287.6482879638672,288.2865295410156,289.0599670410156,289.4193115234375,290.5017150878906,290.82043579101565,2016-03-01
15,288.32033447265627,288.5822631835938,289.4063262939453,289.62615966796875,290.5675048828125,291.66162109375,291.9671142578125,2016-04-01
16,291.41736572265626,291.5001586914062,291.7779846191406,292.1754455566406,292.9079895019531,294.7377075195312,295.23484619140623,2016-05-01
17,294.26517517089843,294.4601531982422,295.0833740234375,295.7641296386719,296.6121520996094,298.31206665039065,298.87759887695313,2016-06-01
18,296.06536376953125,296.5382446289062,297.94590759277344,298.1971740722656,300.7328643798828,302.8249755859375,303.5126025390625,2016-07-01
19,297.0815234375,297.129541015625,298.0069274902344,299.536865234375,300.9291076660156,304.0507873535156,304.8904064941406,2016-08-01
20,296.255463256836,296.2977020263672,297.03660583496094,298.5425720214844,298.8835144042969,299.80055541992186,299.9993200683594,2016-09-01
21,293.61749999999995,293.790380859375,294.5293273925781,295.16949462890625,295.46336364746094,295.98729553222654,296.1271954345703,2016-10-01
22,290.35692687988285,290.3680084228516,290.74476623535156,291.72772216796875,291.8753356933594,291.9463623046875,291.9690087890625,2016-11-01
23,285.6624945068359,286.2175018310547,288.11839294433594,289.27398681640625,289.9869842529297,290.50953063964846,290.58803894042967,2016-12-01
24,286.9720092773438,287.04803466796875,287.35804748535156,288.0653381347656,288.5975341796875,289.3346252441406,289.42815551757815,2017-01-01
25,287.1243615722656,287.1731994628906,287.7310333251953,288.32568359375,288.7157287597656,288.9150085449219,288.9265075683594,2017-02-01
26,287.8545904541015,287.9365264892578,288.3882141113281,288.611328125,289.43153381347656,290.27024841308594,290.43398132324216,2017-03-01
27,288.77491516113287,288.97308654785155,289.7313690185547,290.33392333984375,291.1015319824219,291.5625793457031,291.6768225097656,2017-04-01
28,291.39789123535155,291.6010284423828,292.3876037597656,292.7309265136719,293.18272399902344,294.4797821044922,294.7716156005859,2017-05-01
29,293.89851440429686,294.11305541992186,294.78248596191406,295.3541259765625,296.35743713378906,299.05369567871094,299.6647186279297,2017-06-01
30,296.24183532714846,296.5376678466797,297.5785369873047,298.2315979003906,299.7577667236328,302.6942596435547,303.2173187255859,2017-07-01
31,297.4105352783203,297.47833557128905,298.22828674316406,299.2203063964844,302.38458251953125,303.81947021484376,304.0441186523438,2017-08-01
32,296.8926495361328,296.94640197753904,297.1282653808594,297.5860595703125,298.40138244628906,300.24879150390626,300.6479760742187,2017-09-01
33,293.55641357421877,293.5624633789063,294.0565490722656,294.67523193359375,295.7522430419922,296.53729248046875,296.54461669921875,2017-10-01
34,290.04258544921873,290.0995239257812,290.7781524658203,292.0577697753906,292.0756530761719,292.59332885742185,292.7647595214844,2017-11-01
35,287.98982177734376,288.21619873046876,289.0460510253906,289.306884765625,289.64373779296875,289.9066101074219,289.95856811523436,2017-12-01
36,286.20477600097655,286.6503448486328,288.04730224609375,288.20562744140625,288.5699005126953,289.4224029541016,289.6017657470703,2018-01-01
37,286.55634704589846,286.6901824951172,287.3777313232422,288.0235290527344,289.3592224121094,290.14625244140626,290.19944091796873,2018-02-01
38,288.2131640625,288.3410888671875,288.7472839355469,289.23016357421875,290.5609893798828,291.9602874755859,292.2222088623047,2018-03-01
39,289.4978039550781,289.5445617675781,289.8341369628906,290.3470458984375,290.7506866455078,291.5448791503906,291.7544104003906,2018-04-01
40,292.3949371337891,292.4616241455078,292.7368621826172,292.8248291015625,293.3100128173828,295.1381774902344,295.7403308105469,2018-05-01
41,293.6581365966797,293.8657562255859,294.59959411621094,295.0740966796875,296.0714874267578,298.5719879150391,299.3922052001953,2018-06-01
42,296.00291870117184,296.37824096679685,297.59576416015625,298.0644226074219,299.7581024169922,302.11472778320314,302.5825402832031,2018-07-01
43,297.2587036132812,297.38372802734375,298.6112365722656,299.9619445800781,300.98780822753906,303.30572509765625,304.0546997070312,2018-08-01
44,295.95119934082027,296.01722717285156,296.6080322265625,297.6282958984375,298.89732360839844,300.1383575439453,300.4878033447266,2018-09-01
45,293.02796142578126,293.1609252929687,293.60850524902344,295.2558288574219,295.92909240722656,296.2596496582031,296.35820434570314,2018-10-01
46,289.5013421630859,289.5151336669922,289.87548828125,290.9391174316406,291.97483825683594,292.8551544189453,293.138462524414,2018-11-01
47,287.5820123291016,287.8297393798828,288.6675262451172,289.1665344238281,289.67686462402344,290.4570343017578,290.55476135253906,2018-12-01
48,286.1873657226563,286.36285400390625,287.02516174316406,287.8139953613281,289.1520233154297,289.9968566894531,290.24089965820315,2019-01-01
49,285.6562689208984,285.83993835449223,286.7415466308594,287.19976806640625,288.4900665283203,289.41651306152346,289.5999774169922,2019-02-01
50,287.61661560058593,287.6427703857422,287.8940124511719,288.9945068359375,289.62986755371094,290.1736694335938,290.35621826171877,2019-03-01
51,289.10345275878905,289.1547149658203,289.3383026123047,289.9580993652344,291.4501037597656,291.8193084716797,291.8473089599609,2019-04-01
52,291.8608892822266,291.89111633300786,292.14427185058594,292.6708984375,292.9721984863281,294.89222717285156,295.4864044189453,2019-05-01
53,293.8755859375,293.9119873046875,294.4130554199219,294.91644287109375,295.88079833984375,299.84279174804686,301.0621130371094,2019-06-01
54,295.79432800292966,295.9309906005859,297.3327331542969,299.1930847167969,299.91021728515625,303.5415771484375,304.6766259765625,2019-07-01
55,298.0401300048828,298.0868804931641,298.60614013671875,299.7408142089844,301.90716552734375,304.40680541992185,304.9319226074218,2019-08-01
56,295.8650994873047,295.91155700683595,296.1725158691406,297.3948974609375,298.8595428466797,300.51500244140624,301.01091064453124,2019-09-01
57,292.76478393554686,293.15753784179685,294.3336944580078,294.75115966796875,295.3919219970703,295.8863586425781,295.9292492675781,2019-10-01
58,290.94475036621094,290.9549530029297,291.1849822998047,291.8955993652344,292.51934814453125,293.1070953369141,293.1839923095703,2019-11-01
59,288.36516540527344,288.52028503417966,289.0235137939453,289.84222412109375,290.2312316894531,290.3868865966797,290.42998962402345,2019-12-01
60,287.13149902343747,287.197900390625,287.80870056152344,288.8863830566406,289.13218688964844,289.3063720703125,289.3152783203125,2020-01-01
61,287.39172119140625,287.62596435546874,288.5472106933594,288.9286193847656,289.2484588623047,289.2897888183594,289.2953845214844,2020-02-01
62,287.7052734375,287.7073974609375,287.9175262451172,288.9090576171875,289.23902893066406,291.04950561523435,291.64779174804687,2020-03-01
63,288.38449218750003,288.56125488281253,289.68812561035156,290.8855895996094,291.7663116455078,292.0755859375,292.0844775390625,2020-04-01
64,290.93311096191405,291.1063507080078,291.6375427246094,291.8689270019531,293.0164794921875,294.6289520263672,295.09165954589844,2020-05-01
65,294.4991833496094,294.54645385742185,294.86146545410156,295.46685791015625,295.70472717285156,299.20310668945314,300.3902307128906,2020-06-01
66,296.65574462890623,296.8880981445312,297.8731689453125,298.5971374511719,300.4516143798828,303.736328125,304.64724121093747,2020-07-01
67,296.8873083496094,297.30861206054686,298.6880645751953,299.91998291015625,302.7621765136719,304.4181884765625,304.7087841796875,2020-08-01
68,295.58111083984375,295.6669067382812,296.3162536621094,297.31494140625,298.84954833984375,301.3924102783203,302.060269165039,2020-09-01
69,293.8333233642578,293.89293518066404,294.1167907714844,294.1933288574219,295.48927307128906,297.2495849609375,297.71615234374997,2020-10-01
70,290.5348577880859,290.8995086669922,292.02197265625,292.1531982421875,292.29075622558594,292.4924255371094,292.53002807617185,2020-11-01
71,287.60820251464844,287.8535125732422,288.84246826171875,289.1284484863281,289.8576965332031,290.57203063964846,290.8106463623047,2020-12-01
72,287.1138623046875,287.2807373046875,287.896728515625,288.4031677246094,289.30352783203125,290.00144348144534,290.21669494628907,2021-01-01
73,287.30778442382814,287.33494262695314,287.7615051269531,288.3188171386719,288.5839080810547,289.0273742675781,289.16770629882814,2021-02-01
74,288.0603497314453,288.20140686035154,288.8902587890625,289.20111083984375,289.8367919921875,290.4626983642578,290.6562847900391,2021-03-01
75,289.3121264648438,289.3384643554688,289.6190490722656,290.1297607421875,291.1092834472656,291.765869140625,291.97438964843747,2021-04-01
76,291.707041015625,291.769091796875,291.95054626464844,291.9842529296875,292.4925231933594,296.22203063964844,297.43796081542973,2021-05-01
77,294.81946228027346,294.89357604980466,295.20074462890625,295.76690673828125,296.57861328125,300.2764068603516,301.3389971923828,2021-06-01
78,296.51612854003906,296.6334991455078,297.45606994628906,298.2817077636719,299.75816345214844,303.2558349609375,304.0654248046875,2021-07-01
79,297.2194323730469,297.2714782714844,297.7685852050781,299.0804443359375,301.10260009765625,303.4889892578125,303.6647412109375,2021-08-01
80,295.9402038574219,296.1482849121094,296.86314392089844,298.0091552734375,299.69415283203125,301.83893127441405,302.5236944580078,2021-09-01
81,293.6766973876953,293.82001037597655,294.55157470703125,294.8727111816406,296.13963317871094,296.7421813964844,296.78644897460936,2021-10-01
82,290.1767840576172,290.38245544433596,291.39068603515625,291.9745178222656,292.41929626464844,292.66017456054686,292.73149780273434,2021-11-01
83,288.50883361816403,288.71347961425784,289.33592224121094,289.8250427246094,290.2600402832031,290.77977600097654,290.9416485595703,2021-12-01
84,287.55080322265627,287.72484130859374,288.5101776123047,288.9957275390625,289.15635681152344,289.3764678955078,289.43046936035154,2022-01-01
85,286.258525390625,286.568017578125,287.93431091308594,288.5943298339844,289.05213928222656,289.7321838378906,289.8168957519531,2022-02-01
86,288.2152282714844,288.2471618652344,288.3690643310547,288.9103088378906,289.7052001953125,290.7711578369141,291.02566711425777,2022-03-01
87,288.89426269531253,289.1507568359375,290.0788269042969,290.7942810058594,291.73304748535156,292.89528503417966,293.11121032714846,2022-04-01
88,291.755244140625,291.88168945312503,292.5190887451172,292.92120361328125,293.22474670410156,294.91391906738284,295.4409625244141,2022-05-01
89,294.5482733154297,294.7020599365234,295.1546325683594,295.70074462890625,296.653076171875,299.797412109375,300.657919921875,2022-06-01
90,296.91984924316404,297.1617462158203,298.1360321044922,298.76446533203125,300.484130859375,303.9319763183594,304.72987670898436,2022-07-01
91,299.2794305419922,299.37554626464845,299.7682189941406,300.540771484375,301.6612243652344,304.7733123779297,305.47209411621094,2022-08-01
92,297.05082458496094,297.0706512451172,297.52880859375,299.2774658203125,299.5218048095703,301.3355987548828,301.93198791503903,2022-09-01
93,293.8113079833985,294.09364929199216,295.006591796875,295.098876953125,295.51856994628906,297.02764282226565,297.5119494628906,2022-10-01
94,288.83270080566405,289.4098419189453,291.35450744628906,291.9884033203125,292.43211364746094,293.0456817626953,293.16357971191405,2022-11-01
95,287.31519104003905,287.6085479736328,288.7410583496094,289.19464111328125,289.7018127441406,289.97943420410155,290.03665832519533,2022-12-01
96,285.58192077636716,285.87139587402345,287.1855163574219,287.6763916015625,288.15936279296875,288.51710205078126,288.54304443359376,2023-01-01
97,287.02294372558595,287.0273162841797,287.18199157714844,287.5248718261719,288.51812744140625,288.8592529296875,288.9385009765625,2023-02-01
98,287.76747436523436,287.7884216308594,288.1356506347656,289.1559143066406,290.30078125,291.1103881835937,291.31946533203126,2023-03-01
99,289.3227618408203,289.4891754150391,290.076904296875,290.84661865234375,291.0765380859375,292.1732940673828,292.53558654785155,2023-04-01
100,290.8648309326172,290.99712829589845,291.6485900878906,292.4496765136719,293.19444274902344,294.3537261962891,294.6192071533203,2023-05-01
101,294.18614990234374,294.3424926757813,295.0574645996094,295.4315490722656,296.52685546875,297.89036560058594,298.2259979248047,2023-06-01
102,297.3540960693359,297.3860809326172,297.8829650878906,298.37237548828125,299.0400390625,302.4364776611328,303.5130279541016,2023-07-01
103,297.55723876953124,297.67413330078125,298.5592346191406,299.5147705078125,301.0395050048828,303.62884521484375,304.1542114257812,2023-08-01
104,296.0015576171875,296.1666015625,297.19358825683594,298.26397705078125,299.80596923828125,301.0214782714844,301.02773315429687,2023-09-01
105,294.0013146972656,294.25669555664064,295.0019073486328,295.037109375,295.5667419433594,295.96021728515626,296.06745849609376,2023-10-01
106,290.2762268066406,290.3094787597656,290.6009826660156,291.7091369628906,292.36106872558594,293.3110626220703,293.41841369628906,2023-11-01
107,287.8773999023437,288.1904663085937,289.40289306640625,289.73681640625,290.5901184082031,291.15569763183595,291.3424432373047,2023-12-01
108,287.7497668457031,287.98345336914065,288.69659423828125,288.95501708984375,289.0820770263672,289.9626831054687,290.26316650390623,2024-01-01
109,287.44422546386716,287.46233825683595,287.7869415283203,288.4565124511719,289.63194274902344,290.3338684082031,290.40122192382813,2024-02-01
110,287.5512915039062,287.86339111328124,288.77879333496094,289.1727600097656,289.7107696533203,291.30800476074216,291.8228314208984,2024-03-01
111,289.00371520996094,289.08156433105466,289.6401062011719,291.0026550292969,291.35267639160156,293.0471710205078,293.56866271972655,2024-04-01
112,290.636240234375,291.0447265625,292.40379333496094,292.7677001953125,293.58531188964844,296.37713928222655,297.1640753173828,2024-05-01
113,294.3724969482422,294.47381286621095,295.4863739013672,296.4156799316406,296.5712432861328,298.63843688964846,299.3114520263672,2024-06-01
114,297.4401940917969,297.4726989746094,298.0113067626953,298.8726806640625,299.79930114746094,302.80504455566404,303.70285461425783,2024-07-01
115,298.2325537109375,298.2814208984375,298.69386291503906,299.02801513671875,301.8719787597656,304.45661010742185,305.0561413574219,2024-08-01
116,296.6823760986328,296.85804748535156,297.4913635253906,297.8424072265625,298.01312255859375,300.3904113769531,301.2021545410156,2024-09-01
117,293.6537414550781,293.8216857910156,294.57167053222656,295.0276184082031,295.55633544921875,296.4329772949219,296.69807006835936,2024-10-01
118,291.3278497314453,291.4181793212891,291.70445251464844,291.95330810546875,292.34320068359375,292.4000610351562,292.4169506835937,2024-11-01
119,288.31113586425784,288.37232971191406,289.06829833984375,289.6083068847656,289.7930908203125,290.21701354980473,290.331879272461,2024-12-01
120,285.7216546630859,286.2318084716797,287.9292297363281,288.20379638671875,288.90232849121094,289.592724609375,289.70553222656247,2025-01-01
121,286.09822937011717,286.4352386474609,287.6997985839844,288.91961669921875,289.19703674316406,289.4559631347656,289.4910461425781,2025-02-01
122,287.19661987304687,287.35492553710935,287.8793182373047,288.94317626953125,289.977783203125,290.8715087890625,290.9774755859375,2025-03-01
123,288.7862292480469,288.7916198730469,289.19775390625,289.6664733886719,291.3592224121094,293.65846862792966,294.4313275146484,2025-04-01
124,290.23507019042967,290.64056091308595,292.01983642578125,292.2249450683594,292.89979553222656,295.4647277832031,296.3341564941406,2025-05-01
125,293.988798828125,294.3738037109375,295.6446990966797,295.7991027832031,296.429443359375,298.2140930175781,298.8071496582031,2025-06-01
126,296.70317504882814,296.8785461425781,297.538818359375,298.1238708496094,299.16798400878906,302.79986877441405,303.9787969970703,2025-07-01
127,297.8192028808594,297.90778198242185,298.2462463378906,299.59393310546875,301.3177185058594,303.3648345947266,303.6790948486328,2025-08-01
128,295.15879333496093,295.53005065917966,296.9759826660156,297.873046875,298.4905090332031,300.6854248046875,301.3336181640625,2025-09-01
129,293.96211791992187,293.9656188964844,294.1417541503906,294.9600830078125,295.71832275390625,296.57814636230466,296.7381878662109,2025-10-01
130,290.9186169433594,291.15668334960935,291.95018005371094,292.0593566894531,293.069580078125,293.3083190917969,293.3305114746094,2025-11-01
131,287.48719116210935,287.8295104980469,288.95436096191406,289.3836669921875,290.3694610595703,290.70383605957034,290.72016174316406,2025-12-01
132,286.91502746582034,287.1001617431641,287.93336486816406,288.91082763671875,289.17901611328125,289.5099365234375,289.5766455078125,2026-01-01
133,285.33640930175784,285.5769439697266,286.95562744140625,288.72552490234375,289.23899841308594,289.62559814453124,289.70951904296874,2026-02-01
134,286.62513610839846,286.8645721435547,288.4774932861328,289.49444580078125,290.4373779296875,292.5408081054687,293.0068188476563,2026-03-01
135,288.8582891845703,288.90851135253905,289.4681854248047,290.0639953613281,290.9673614501953,291.176351928711,291.2406658935547,2026-04-01
136,291.48346313476566,291.6149475097656,292.02589416503906,292.4079895019531,293.10752868652344,294.2101654052734,294.5240155029297,2026-05-01
137,294.6207116699219,294.7126892089844,295.3152618408203,296.0141906738281,296.52923583984375,298.3362335205078,298.91749084472656,2026-06-01
138,296.18633666992184,296.5268981933594,297.89158630371094,298.4327392578125,300.0757751464844,303.0098388671875,303.6461083984375,2026-07-01
139,297.70841613769534,297.8609283447266,298.7703399658203,300.923583984375,301.68646240234375,303.6271697998047,304.16222595214845,2026-08-01
140,296.38956787109373,296.4756713867188,297.0560607910156,299.12469482421875,300.16246032714844,301.4123504638672,301.7657220458984,2026-09-01
141,294.5351831054687,294.55018310546876,294.8984832763672,295.2769775390625,296.7925720214844,296.9225311279297,296.9466644287109,2026-10-01
142,290.01659606933595,290.16781921386723,291.19635009765625,292.6201171875,293.0373229980469,293.73151245117185,293.8443493652344,2026-11-01
143,286.94232666015625,287.2696166992188,288.50994873046875,289.4513854980469,290.1739501953125,291.1489624023438,291.25740478515627,2026-12-01
144,287.5933837890625,287.6556396484375,287.96678161621094,288.1413269042969,288.70249938964844,289.39015502929686,289.4336462402344,2027-01-01
145,287.00470947265626,287.02391357421874,287.49815368652344,288.2944030761719,288.36643981933594,288.5923156738281,288.6512756347656,2027-02-01
146,288.00800842285156,288.1153594970703,288.50624084472656,288.692138671875,290.07037353515625,292.4343322753906,293.1406506347656,2027-03-01
147,289.6831848144531,289.7187805175781,289.83154296875,290.2785949707031,290.39842224121094,292.05238647460936,292.5795690917969,2027-04-01
148,291.8400592041016,291.90854797363284,292.2440948486328,292.81915283203125,293.0442657470703,294.6641082763672,295.16387634277345,2027-05-01
149,294.2103759765625,294.3309326171875,294.97914123535156,296.2117004394531,296.7727813720703,299.6484771728516,300.4717852783203,2027-06-01
150,296.71118591308596,296.81239929199216,297.43768310546875,298.8350830078125,299.8553924560547,302.0141174316406,302.5912512207031,2027-07-01
151,296.6486218261719,297.11505737304685,299.02734375,300.4468994140625,301.71791076660156,304.51011047363284,305.05898010253907,2027-08-01
152,296.16288513183594,296.4039031982422,297.44252014160156,298.92218017578125,299.6693420410156,301.924853515625,302.60943359375,2027-09-01
153,293.86783691406254,294.1731689453125,295.1678924560547,295.3641662597656,296.22496032714844,296.68926391601565,296.6972766113281,2027-10-01
154,291.2201593017578,291.4366119384766,292.1004333496094,292.3109130859375,292.748291015625,294.1791229248047,294.54676208496096,2027-11-01
155,287.899296875,288.2954345703125,289.47450256347656,289.5473327636719,290.140380859375,290.558984375,290.6351123046875,2027-12-01
156,286.1668389892578,286.2395904541016,287.22784423828125,288.2658386230469,288.97669982910156,289.68309326171874,289.77836669921874,2028-01-01
157,285.8878723144531,286.1389465332031,287.1990051269531,288.6256103515625,289.2909851074219,289.55690612792966,289.6124310302734,2028-02-01
158,288.1074627685547,288.1751312255859,288.46812438964844,290.3179626464844,290.50860595703125,290.90671386718753,291.00753906250003,2028-03-01
159,288.9600262451172,289.2930511474609,290.3916931152344,290.6828918457031,291.8717498779297,293.21714782714844,293.49982604980465,2028-04-01
160,290.24681274414064,290.64360961914065,292.1666564941406,293.03302001953125,293.70164489746094,296.3493682861328,297.1012213134766,2028-05-01
161,293.2091064453125,293.692138671875,295.2057342529297,295.83685302734375,296.7250061035156,299.040771484375,299.6694091796875,2028-06-01
162,296.83394714355467,296.92449645996095,297.8711242675781,299.2099914550781,300.5747375488281,303.40419616699216,303.9222454833984,2028-07-01
163,297.6975537109375,297.88229980468753,298.8989562988281,299.5250244140625,302.3083801269531,304.0991607666016,304.6834796142578,2028-08-01
164,296.9651153564453,297.00807189941406,297.2104034423828,297.94378662109375,299.0183868408203,301.14121704101564,301.8675744628907,2028-09-01
165,292.7633056640625,293.3609619140625,295.27964782714844,295.57867431640625,295.85813903808594,296.03147888183594,296.0348846435547,2028-10-01
166,289.361806640625,289.4605224609375,290.6305389404297,292.110107421875,292.44752502441406,293.6697631835938,294.04083740234375,2028-11-01
167,285.85365234375,286.5235107421875,289.1826477050781,289.8968505859375,290.32763671875,291.42979125976564,291.8020959472656,2028-12-01
168,286.5936328125,286.730126953125,287.44334411621094,288.4125671386719,289.0589904785156,289.3068878173828,289.3288824462891,2029-01-01
169,286.90495056152344,287.0038787841797,287.3102722167969,287.87982177734375,289.22889709472656,289.79023437499995,289.8034326171875,2029-02-01
170,287.30406005859373,287.4866088867187,288.1549987792969,288.7337341308594,289.73280334472656,290.24651794433595,290.29293151855467,2029-03-01
171,289.0169079589844,289.06000366210935,289.39154052734375,290.2039794921875,290.8087921142578,291.46457519531253,291.5643017578125,2029-04-01
172,291.018818359375,291.16892089843753,291.92079162597656,293.0755920410156,293.2977294921875,295.1712341308594,295.7514587402344,2029-05-01
173,294.28388549804686,294.3531433105469,294.9583282470703,295.89697265625,296.7648468017578,299.9677032470703,300.8092633056641,2029-06-01
174,297.08594482421876,297.1361450195312,297.3413391113281,297.4075622558594,299.8387145996094,303.0296325683594,303.6135925292969,2029-07-01
175,297.9338836669922,298.04100036621094,298.3652038574219,299.24908447265625,302.21717834472656,304.1963714599609,304.1966717529297,2029-08-01
176,296.68455871582034,296.78290100097655,297.37445068359375,298.38690185546875,299.56825256347656,301.36464233398436,301.9304235839844,2029-09-01
177,293.9165435791016,293.9440460205078,294.4882049560547,295.0394592285156,295.4325714111328,295.63399047851567,295.6527990722656,2029-10-01
178,291.4038592529297,291.41272888183596,291.54408264160156,292.0122375488281,292.42564392089844,293.3527526855469,293.59057006835934,2029-11-01
179,287.2524926757813,287.43616943359376,288.33311462402344,289.24407958984375,289.77146911621094,289.99863891601564,290.0598107910156,2029-12-01
180,286.92113586425785,287.0321929931641,287.4565734863281,288.1245422363281,288.9599914550781,289.781494140625,289.8508544921875,2030-01-01
181,286.045546875,286.22431640624995,286.97547912597656,288.2652587890625,288.65354919433594,289.22430114746095,289.3396356201172,2030-02-01
182,286.86769104003906,287.3216094970703,288.9739685058594,289.507568359375,289.86253356933594,289.9643127441406,289.98070434570315,2030-03-01
183,288.1991510009766,288.5848663330078,289.87269592285156,290.68072509765625,290.9609680175781,291.4362030029297,291.58946228027344,2030-04-01
184,290.9315106201172,291.1774505615234,292.0917053222656,292.62615966796875,293.3003387451172,294.3563262939453,294.60229553222655,2030-05-01
185,294.16245910644534,294.2711578369141,294.6251220703125,295.58367919921875,296.7826232910156,299.537548828125,300.45045410156246,2030-06-01
186,296.4747930908203,296.76898498535155,297.7666015625,297.9578552246094,300.72369384765625,302.52757263183594,302.7983856201172,2030-07-01
187,298.1171435546875,298.216943359375,298.61798095703125,299.8424072265625,301.94140625,303.84979248046875,304.2547485351563,2030-08-01
188,296.85416870117183,296.9928894042969,297.51837158203125,297.6892395019531,299.69842529296875,301.7245880126953,301.9895709228516,2030-09-01
189,294.0565283203125,294.1661865234375,294.6859130859375,295.09478759765625,295.9585723876953,296.7794982910156,296.9103674316406,2030-10-01
190,290.4699963378906,290.7945617675781,291.7415771484375,292.33355712890625,292.6195831298828,293.0256103515625,293.123359375,2030-11-01
191,287.0622216796875,287.61298828125,289.39659118652344,289.68060302734375,289.74371337890625,290.6244262695312,290.9167797851562,2030-12-01
192,287.6255249023437,287.80511474609375,288.34515380859375,288.384521484375,288.4672546386719,288.58477478027345,288.6210809326172,2031-01-01
193,286.5854742431641,286.7747833251953,287.4943542480469,288.3556823730469,289.17335510253906,289.83544006347654,289.9933575439453,2031-02-01
194,287.55818359375,287.8967529296875,288.8902130126953,288.8976135253906,289.2887725830078,291.56480407714844,292.2383758544922,2031-03-01
195,289.5221118164062,289.5244995117188,289.60682678222656,289.9877624511719,291.47340393066406,293.18541259765624,293.73412841796875,2031-04-01
196,291.2155078125,291.3996826171875,292.4326171875,293.1512451171875,293.7215881347656,296.25238037109375,297.0684448242187,2031-05-01
197,294.2932049560547,294.4117034912109,294.9997863769531,296.48309326171875,296.8174285888672,298.4297332763672,298.977621459961,2031-06-01
198,296.99891845703127,297.1518188476563,297.64735412597656,299.1749267578125,300.46630859375,302.62732849121096,303.3244403076172,2031-07-01
199,298.14757751464845,298.38376159667973,299.436279296875,299.8973388671875,301.01422119140625,304.5564331054687,305.41509521484375,2031-08-01
200,296.4490173339844,296.7243347167969,297.64198303222656,297.78314208984375,298.5790252685547,301.7502532958984,302.6933123779297,2031-09-01
201,292.92472900390624,293.22752685546874,294.1748962402344,295.5508117675781,296.0918884277344,297.27414855957034,297.5364215087891,2031-10-01
202,290.88661071777346,290.9107147216797,291.16114807128906,292.3341369628906,292.83050537109375,292.99676208496095,293.0173944091797,2031-11-01
203,285.72588745117184,286.4945495605469,289.2629089355469,289.8980712890625,290.2274932861328,291.22285766601567,291.4632238769532,2031-12-01
204,288.0241339111328,288.03766174316405,288.1105651855469,288.1910095214844,289.0099334716797,290.2652282714844,290.6130554199219,2032-01-01
205,287.7378002929687,287.7858032226562,288.3639831542969,288.8797302246094,289.00123596191406,289.77838745117185,290.01698120117186,2032-02-01
206,287.96777099609375,288.16246337890624,288.94178771972656,289.3272705078125,289.689697265625,290.16961669921875,290.26153564453125,2032-03-01
207,289.3802838134766,289.5715850830078,290.2157440185547,290.5969543457031,291.0066375732422,291.4134155273438,291.5070483398437,2032-04-01
208,291.67295471191403,291.6976593017578,291.9476318359375,292.35968017578125,292.5985870361328,294.5491638183594,295.21010131835936,2032-05-01
209,294.18647583007817,294.2800354003906,294.887939453125,295.55767822265625,295.8238220214844,297.83458251953124,298.48407958984376,2032-06-01
210,296.6816668701172,296.75330505371096,297.36602783203125,298.0633850097656,299.313232421875,303.2856719970703,304.25208068847655,2032-07-01
211,298.25001770019526,298.2631500244141,298.34263610839844,299.3433837890625,301.87786865234375,304.5717590332031,304.89726196289064,2032-08-01
212,297.2677020263672,297.33728942871096,297.6763458251953,297.9370422363281,299.3377685546875,301.69183044433595,302.07596374511724,2032-09-01
213,293.7223388671875,293.8304443359375,294.49908447265625,295.6354064941406,296.1126403808594,296.4890380859375,296.607353515625,2032-10-01
214,290.9561370849609,291.0315399169922,291.68280029296875,292.4059753417969,292.6849670410156,292.82167663574216,292.85288513183593,2032-11-01
215,287.43159118652346,287.7661102294922,289.17835998535156,289.89678955078125,290.2941131591797,290.7865478515625,290.95044921874995,2032-12-01
216,287.88240173339847,287.88796081542966,288.0054473876953,288.2637023925781,288.5611267089844,289.3795593261719,289.6401696777344,2033-01-01
217,287.5057751464844,287.58051147460935,287.9162292480469,288.2775573730469,288.9759521484375,289.83404235839845,290.03799987792974,2033-02-01
218,287.772587890625,287.889306640625,288.6593933105469,289.2624206542969,289.2820587158203,289.97389221191406,290.2055206298828,2033-03-01
219,289.6137042236328,289.7417388916016,290.1590881347656,290.2971496582031,291.29933166503906,291.8325927734375,291.895302734375,2033-04-01
220,291.8700469970703,291.91395568847656,292.27337646484375,292.5506896972656,292.78001403808594,294.71022033691406,295.35683898925777,2033-05-01
221,294.42531494140627,294.46898193359374,294.9055480957031,295.7744445800781,296.31642150878906,298.29029541015626,298.86174560546874,2033-06-01
222,296.4336413574219,296.7788024902344,297.88160705566406,298.35552978515625,299.7850646972656,303.91347351074216,304.8860638427734,2033-07-01
223,297.9511877441406,298.1833068847656,299.08135986328125,300.3922424316406,301.59193420410156,303.8350463867188,304.30975830078125,2033-08-01
224,297.6458477783203,297.67418518066404,297.9462585449219,298.1938781738281,299.68690490722656,300.98651123046875,301.33909912109374,2033-09-01
225,294.39017517089843,294.5521942138672,295.13990783691406,295.8988952636719,296.3780822753906,296.8299255371094,296.90455932617186,2033-10-01
226,289.4802117919922,289.66326599121095,290.6496887207031,291.6976623535156,292.92950439453125,292.9486999511719,292.9528015136719,2033-11-01
227,287.481826171875,287.883984375,289.17115783691406,289.7882995605469,290.0422668457031,290.1754486083984,290.1773016357422,2033-12-01
228,288.1116180419922,288.14402770996094,288.30055236816406,288.64544677734375,289.2366485595703,290.5222686767578,290.78675354003906,2034-01-01
229,285.8409313964844,286.27997436523435,287.6946563720703,287.9068908691406,288.8974151611328,290.67602233886714,291.1804193115234,2034-02-01
230,287.5324450683594,287.6762634277344,288.2016906738281,288.3674621582031,289.45713806152344,290.62921447753905,290.9520147705078,2034-03-01
231,289.43451171875,289.60712890625,290.24920654296875,290.4894104003906,291.3160400390625,291.9134552001953,292.0853765869141,2034-04-01
232,291.6068084716797,291.68382263183594,292.14588928222656,292.744140625,293.28883361816406,295.3325622558594,295.9997399902344,2034-05-01
233,294.1576721191406,294.3961486816406,295.34442138671875,296.1128845214844,297.0328369140625,299.49769897460936,300.2035925292968,2034-06-01
234,295.85428222656253,296.47539062500005,298.46339416503906,299.29449462890625,301.16998291015625,303.24481201171875,303.8730102539062,2034-07-01
235,297.8730749511719,297.91322631835936,298.3288116455078,299.7914733886719,301.8786163330078,304.47470703125,304.9731640625,2034-08-01
236,296.4024816894531,296.4833557128906,297.32521057128906,298.43341064453125,298.8883819580078,301.21693725585936,301.9483923339844,2034-09-01
237,294.4720220947266,294.6857940673828,295.4143829345703,295.915283203125,296.4488220214844,297.3937744140625,297.6977734375,2034-10-01
238,290.57324462890625,290.82020263671876,291.5972137451172,292.5098876953125,292.9877166748047,293.2039520263672,293.24601501464844,2034-11-01
239,288.41558837890625,288.53424072265625,289.1803741455078,290.0787048339844,290.2932891845703,290.55408630371096,290.6279071044922,2034-12-01
240,286.3539294433594,286.6210876464844,287.5924530029297,288.54437255859375,289.5127410888672,289.9697662353516,289.99400207519534,2035-01-01
241,287.52080505371094,287.54811706542966,287.68504333496094,288.3995666503906,289.08384704589844,289.766796875,289.932998046875,2035-02-01
242,289.2147375488281,289.2187072753906,289.4053192138672,290.15081787109375,290.5232849121094,290.79968566894536,290.8247564697266,2035-03-01
243,290.4254766845703,290.47064514160155,290.61492919921875,291.0118408203125,291.3514404296875,291.86774597167965,292.03421813964843,2035-04-01
244,291.47737182617186,291.69008178710936,292.56341552734375,293.1856384277344,293.3627014160156,296.3745635986328,297.3919049072266,2035-05-01
245,295.1790960693359,295.20639343261723,295.4834289550781,296.23138427734375,297.04742431640625,300.5491516113281,301.6107824707031,2035-06-01
246,296.3422119140625,296.885009765625,298.8416442871094,299.7826232910156,300.676025390625,303.8787841796875,304.76845703125,2035-07-01
247,298.22083435058596,298.4424285888672,299.11073303222656,299.8951110839844,301.9355010986328,304.2461334228516,304.6773028564453,2035-08-01
248,296.636416015625,296.6797607421875,296.9706726074219,299.32427978515625,299.5753173828125,301.316079711914,301.8364581298828,2035-09-01
249,294.37722351074217,294.41736755371096,294.77508544921875,296.2955017089844,296.6813507080078,296.7825164794922,296.78870544433596,2035-10-01
250,291.43986755371094,291.4947479248047,291.81573486328125,292.29296875,293.3337860107422,293.71739196777344,293.7502410888672,2035-11-01
251,288.69751708984376,288.8172973632812,289.3287048339844,289.6388854980469,290.2608642578125,291.1426971435547,291.436303100586,2035-12-01
252,287.8667010498047,287.88135681152346,288.01576232910156,288.4273986816406,289.32887268066406,290.42450256347655,290.66409973144533,2036-01-01
253,286.00481567382815,286.4675598144531,288.0159912109375,289.003173828125,289.6878204345703,289.7668121337891,289.7697930908203,2036-02-01
254,287.9040948486328,288.0214508056641,288.6021728515625,288.9022521972656,289.5891571044922,290.44347229003904,290.6010968017578,2036-03-01
255,288.9053045654297,289.1361419677734,290.060791015625,290.478759765625,291.59991455078125,292.67222900390624,292.8527563476562,2036-04-01
256,291.9116876220703,291.9270904541016,291.9756317138672,292.03839111328125,293.2468566894531,295.2160583496094,295.63935424804686,2036-05-01
257,294.5007611083984,294.57619323730466,294.8955078125,295.1017761230469,296.94398498535156,299.47764282226564,300.2987023925781,2036-06-01
258,297.72050903320314,297.9533752441406,298.65843200683594,298.9186706542969,300.9263916015625,303.07671508789065,303.5150256347656,2036-07-01
259,298.49240539550783,298.59654846191404,298.90419006347656,299.73638916015625,302.8135070800781,304.86680603027344,304.9080780029297,2036-08-01
260,296.8983233642578,297.0193267822266,297.9466552734375,298.5786437988281,299.2193603515625,300.90245971679684,301.29828979492186,2036-09-01
261,295.41301391601564,295.4148010253906,295.45184326171875,295.64892578125,295.74131774902344,298.04027099609374,298.8122290039062,2036-10-01
262,290.88007995605466,291.09717712402346,291.7906188964844,292.0177001953125,292.8457946777344,293.246826171875,293.3589599609375,2036-11-01
263,288.7708612060547,288.85833435058595,289.3158874511719,289.78118896484375,290.27130126953125,290.7205261230469,290.76656616210937,2036-12-01
264,286.3203381347656,286.7023986816406,288.135009765625,288.5609436035156,289.0453186035156,289.92247009277344,290.0991668701172,2037-01-01
265,287.1125457763672,287.42869567871094,288.35328674316406,289.04248046875,289.54103088378906,289.9639556884766,289.9698663330078,2037-02-01
266,287.59270629882815,287.6222229003906,288.68206787109375,289.8138732910156,290.0620880126953,291.75449523925784,292.2793414306641,2037-03-01
267,288.87592956542966,288.88318786621096,288.9807891845703,289.77801513671875,290.8347930908203,292.8809875488281,293.57646606445314,2037-04-01
268,290.89986694335937,291.31232299804685,292.63609313964844,292.87347412109375,293.1408233642578,295.366455078125,296.070751953125,2037-05-01
269,294.97774169921877,295.0227416992187,295.5058898925781,296.20819091796875,297.5496368408203,300.7802764892578,301.5428961181641,2037-06-01
270,298.1153771972656,298.24046020507814,298.6409606933594,299.478271484375,301.62525939941406,304.3694274902344,304.8045007324219,2037-07-01
271,297.9602734375,298.119970703125,299.21551513671875,299.89288330078125,302.185791015625,305.0914306640625,305.51337890625,2037-08-01
272,297.5375720214844,297.6469665527344,298.1290588378906,298.52734375,299.1708068847656,300.86301574707034,301.4411822509765,2037-09-01
273,294.5215466308594,294.58991088867185,294.8963928222656,295.1823425292969,296.2886505126953,296.7136627197266,296.7622149658203,2037-10-01
274,290.32288269042965,290.5937835693359,291.6295166015625,291.8930969238281,291.9981384277344,293.2570861816406,293.6576184082031,2037-11-01
275,288.0256018066406,288.3429748535156,289.33848571777344,289.74053955078125,290.02198791503906,290.7376312255859,290.9531170654297,2037-12-01
276,286.90726867675784,287.2091949462891,288.1846618652344,288.8331604003906,288.95245361328125,289.30662231445314,289.40961547851566,2038-01-01
277,286.7064483642578,286.96290588378906,287.7631072998047,288.54290771484375,288.96685791015625,289.65850830078125,289.85157470703126,2038-02-01
278,287.9113439941406,288.1331359863281,288.9403381347656,289.3249816894531,289.919677734375,290.91225280761716,291.24448669433593,2038-03-01
279,289.82972595214846,289.8681121826172,290.02528381347656,290.3677062988281,291.1545104980469,293.15978088378904,293.8164044189453,2038-04-01
280,291.47765258789065,291.6956359863281,292.46083068847656,292.9248046875,293.38621520996094,294.0832153320312,294.16652099609377,2038-05-01
281,294.5162890625,294.5591064453125,294.7489776611328,295.55352783203125,296.73040771484375,300.9094360351562,302.1809350585937,2038-06-01
282,296.51987731933593,296.83254089355466,298.04254150390625,298.47454833984375,300.1357421875,304.3408905029297,305.5883441162109,2038-07-01
283,297.72365478515627,297.8211547851563,299.173828125,300.5931701660156,302.3966827392578,305.3139190673828,305.77003479003906,2038-08-01
284,297.4666925048828,297.5109527587891,297.9650115966797,299.0261535644531,299.5066833496094,302.9817840576172,304.10929626464844,2038-09-01
285,295.0013201904297,295.05823669433596,295.25001525878906,295.8170471191406,296.4977111816406,297.98663940429685,298.33494995117184,2038-10-01
286,289.43047119140624,290.14844970703126,292.29742431640625,292.8123474121094,292.99021911621094,293.37650756835933,293.5089440917969,2038-11-01
287,287.3551287841797,288.09583435058596,290.26141357421875,290.62445068359375,290.88706970214844,291.1324066162109,291.1690350341797,2038-12-01
288,286.3077697753906,286.6882629394531,288.1414489746094,289.13763427734375,289.3328552246094,290.1689392089844,290.39345581054687,2039-01-01
289,286.86851196289064,287.0127258300781,287.7392578125,288.28070068359375,289.30882263183594,290.1746368408203,290.3035064697265,2039-02-01
290,288.1192327880859,288.2848846435547,289.1388244628906,290.09368896484375,290.6404266357422,291.8404266357422,292.11298278808596,2039-03-01
291,289.21891357421873,289.5159545898438,290.44444274902344,290.5367126464844,290.8428192138672,291.32855224609375,291.39879150390624,2039-04-01
292,291.2229022216797,291.51697692871096,292.5535430908203,293.0276794433594,293.34483337402344,295.0212738037109,295.5877508544922,2039-05-01
293,294.53843200683593,294.66506042480466,295.3238220214844,296.5365905761719,296.99220275878906,298.6785186767578,299.13965881347656,2039-06-01
294,297.8463958740234,297.9060516357422,298.5807342529297,299.1945495605469,300.68902587890625,303.63991394042966,304.2251263427734,2039-07-01
295,297.9184259033203,298.1680572509766,299.3802947998047,300.05194091796875,302.3841857910156,305.07732543945315,305.6365588378906,2039-08-01
296,297.11893798828123,297.2229858398438,297.5726318359375,298.9454345703125,299.33631896972656,301.21455078125,301.75626464843754,2039-09-01
297,293.34096557617187,293.3665710449219,294.24961853027344,295.1747131347656,295.65126037597656,297.15656738281245,297.6240869140625,2039-10-01
298,290.04890563964847,290.4148162841797,291.5237731933594,291.9962463378906,292.1327819824219,292.6675598144531,292.8110998535156,2039-11-01
299,287.9530950927734,288.3644744873047,289.67608642578125,289.9132080078125,290.2922668457031,290.5751922607422,290.5783929443359,2039-12-01
300,286.6983911132813,286.76429443359376,287.63267517089844,288.6130065917969,289.0664520263672,290.47984619140624,290.85549072265627,2040-01-01
301,287.14835083007813,287.23577270507815,287.79827880859375,288.9379577636719,289.6676025390625,290.1978729248047,290.2758538818359,2040-02-01
302,287.6458441162109,287.7895233154297,288.6229553222656,289.0469970703125,289.5184631347656,290.68409729003906,291.00383605957035,2040-03-01
303,289.75258972167967,289.92933044433596,290.5197448730469,290.78656005859375,291.8686828613281,292.7444122314453,292.99912658691403,2040-04-01
304,291.802080078125,292.087548828125,293.0406036376953,293.1705017089844,293.78497314453125,295.8923309326172,296.60327087402345,2040-05-01
305,294.8332391357422,294.95696716308595,295.55116271972656,295.9219665527344,296.7071838378906,300.6657531738281,301.87755981445315,2040-06-01
306,297.4012896728516,297.43345031738284,298.04920959472656,299.1260986328125,300.2073669433594,305.20953063964845,306.6103387451172,2040-07-01
307,298.3779388427734,298.4285125732422,298.7814636230469,300.7734680175781,302.0181427001953,305.16051025390624,305.84120849609377,2040-08-01
308,296.88031494140625,297.0160766601563,297.43511962890625,299.07672119140625,299.7100067138672,300.5079315185547,300.7793450927734,2040-09-01
309,293.7628875732422,293.81529235839844,294.18408203125,294.85504150390625,296.0767517089844,297.3491577148437,297.45760009765627,2040-10-01
310,291.0286065673828,291.0302398681641,291.7017822265625,292.6451721191406,292.964599609375,293.749560546875,293.92203125,2040-11-01
311,288.5351354980469,288.70888061523436,289.26580810546875,289.9122314453125,290.54351806640625,292.39460449218745,292.8577294921875,2040-12-01
312,287.3178411865235,287.48825378417973,288.11537170410156,288.92254638671875,289.67559814453125,291.31494750976566,291.6868420410156,2041-01-01
313,287.6121954345703,287.66900939941405,287.8684387207031,288.96966552734375,289.6056823730469,290.92769165039067,291.1983801269531,2041-02-01
314,288.68009277343754,288.7290771484375,289.0062255859375,289.25653076171875,289.4329833984375,291.35898742675784,291.96410705566404,2041-03-01
315,288.28338745117185,288.69196166992185,290.14178466796875,290.6877746582031,291.1744384765625,292.14870300292966,292.46995056152343,2041-04-01
316,291.3953588867187,291.6209594726563,292.8451385498047,293.7237243652344,293.9787139892578,295.9678253173828,296.564243774414,2041-05-01
317,295.39490173339846,295.44887390136716,295.62359619140625,296.3118896484375,296.9940643310547,299.1866149902344,299.9368347167969,2041-06-01
318,297.27510375976567,297.5157775878906,298.26710510253906,299.516845703125,300.77239990234375,304.2299468994141,305.3593927001953,2041-07-01
319,298.8811340332031,298.8965148925781,299.0849151611328,301.1457214355469,302.1924743652344,304.33908996582034,304.86247131347653,2041-08-01
320,297.6672668457031,297.6683654785156,297.8269805908203,298.0742492675781,299.4365692138672,302.08526916503905,302.8681768798828,2041-09-01
321,294.74235595703124,294.80784912109374,295.02915954589844,295.50738525390625,295.84808349609375,296.89173889160156,297.1566192626953,2041-10-01
322,290.17960449218754,290.3721435546875,291.2632141113281,292.6716003417969,293.0234680175781,293.6121063232422,293.7173187255859,2041-11-01
323,285.6723583984375,286.5971435546875,289.3913116455078,290.07586669921875,290.9215087890625,291.5216430664062,291.71006591796873,2041-12-01
324,282.9838116455078,284.27403869628904,288.37635803222656,288.9596862792969,289.2193298339844,289.4280120849609,289.4316229248047,2042-01-01
325,287.01196838378905,287.0149200439453,287.03929138183594,287.7120056152344,288.9935760498047,289.6558410644531,289.8806799316406,2042-02-01
326,288.0044866943359,288.00827331542973,288.2818908691406,289.6728820800781,290.3683319091797,290.9959228515625,291.0117578125,2042-03-01
327,289.1372253417969,289.3672790527344,290.2915344238281,290.7721862792969,291.47210693359375,293.81337585449216,294.4363079833984,2042-04-01
328,292.0253063964844,292.17658081054685,292.65350341796875,292.7697448730469,293.19203186035156,295.4301422119141,296.0887139892578,2042-05-01
329,295.2885711669922,295.32054138183594,295.8806915283203,296.4839172363281,297.46746826171875,299.5516784667969,300.02417846679685,2042-06-01
330,297.4292498779297,297.60914001464846,298.48069763183594,300.0032043457031,300.65663146972656,303.2668426513672,304.09760681152346,2042-07-01
331,298.4193450927734,298.5514373779297,299.2632141113281,301.1225891113281,302.0809783935547,304.6658081054687,305.43511474609375,2042-08-01
332,297.2006616210938,297.30970458984376,297.96299743652344,298.8362731933594,299.6331329345703,300.7843811035156,301.07521118164067,2042-09-01
333,294.14623168945315,294.41401977539067,295.39601135253906,296.46807861328125,297.06541442871094,297.15655212402345,297.1711785888672,2042-10-01
334,291.3173480224609,291.4281707763672,291.79591369628906,292.0736389160156,293.20472717285156,294.30609436035155,294.6670538330078,2042-11-01
335,288.65892578125,288.725048828125,288.9196014404297,289.3901062011719,290.1592102050781,291.91791992187495,292.356875,2042-12-01
336,287.1350982666015,287.2608184814453,287.9514617919922,288.5987548828125,288.89039611816406,290.1332183837891,290.4840411376953,2043-01-01
337,286.8517395019531,286.9065246582031,287.13323974609375,287.583984375,288.4653778076172,289.82579040527344,290.1891082763672,2043-02-01
338,288.0638592529297,288.0719818115235,288.371337890625,288.760498046875,290.0727233886719,291.5609466552735,291.79072937011716,2043-03-01
339,289.62128662109376,289.74925537109374,290.34910583496094,291.68939208984375,291.82635498046875,292.60052490234375,292.84771728515625,2043-04-01
340,291.41887084960933,291.4721618652344,292.39794921875,293.63812255859375,293.7892303466797,294.80675048828124,295.1407202148437,2043-05-01
341,293.6438488769531,293.9261535644531,295.69464111328125,297.0707702636719,297.1686553955078,299.6864929199219,300.5445251464844,2043-06-01
342,295.5896026611328,296.09706115722656,298.1766052246094,299.5246887207031,300.01161193847656,303.74256591796876,304.8601098632812,2043-07-01
343,297.9759661865234,298.0059295654297,298.99774169921875,300.3266906738281,301.9452209472656,305.5836517333984,306.52278503417966,2043-08-01
344,296.91419982910156,296.9660186767578,297.5154113769531,298.2630615234375,299.8120574951172,303.7013916015625,304.99958007812495,2043-09-01
345,294.1422064208984,294.1974822998047,294.7635192871094,295.2342834472656,295.5680847167969,296.61675415039065,296.9540637207032,2043-10-01
346,291.3320611572266,291.3352325439453,291.5426788330078,292.39056396484375,292.73992919921875,293.5478240966797,293.7614202880859,2043-11-01
347,289.190009765625,289.24533691406253,289.44091796875,289.7751770019531,289.9314422607422,290.10731506347656,290.1592071533203,2043-12-01
348,286.59656188964846,286.87758483886716,287.97943115234375,288.44708251953125,288.6345672607422,289.5143157958984,289.77376159667966,2044-01-01
349,287.52256652832034,287.7605377197266,288.7153625488281,289.13671875,289.67259216308594,290.1379150390625,290.2537548828125,2044-02-01
350,287.6690020751953,287.8889556884766,288.7660369873047,289.1360778808594,290.0563049316406,292.07807006835935,292.63343627929686,2044-03-01
351,289.44144958496094,289.4627410888672,290.0409851074219,290.8306884765625,291.623291015625,293.8163208007812,294.56145751953125,2044-04-01
352,291.99795227050777,292.08045959472656,292.4144287109375,293.1458435058594,293.3565673828125,295.9721710205078,296.7998297119141,2044-05-01
353,294.4502239990235,294.4666961669922,295.11334228515625,295.9889831542969,297.24424743652344,300.3813232421875,301.3118359375,2044-06-01
354,296.7008471679688,296.9088989257813,297.54942321777344,298.0199279785156,300.6057891845703,304.57872619628904,305.63151672363284,2044-07-01
355,298.00716003417966,298.1483489990234,299.2522735595703,300.1040954589844,302.1868438720703,306.30462646484375,307.0819458007812,2044-08-01
356,295.51149475097657,296.16452941894534,298.24281311035156,298.4933776855469,298.7820281982422,301.43284912109374,302.29101318359375,2044-09-01
357,293.2548162841797,293.6708099365234,295.35552978515625,296.0774841308594,296.28948974609375,296.7577270507812,296.87635009765626,2044-10-01
358,290.5556341552734,290.72128601074223,291.4361877441406,291.96807861328125,293.05426025390625,294.2907318115234,294.5574139404297,2044-11-01
359,289.4331134033203,289.4658599853516,289.5857238769531,290.16357421875,290.5533447265625,291.58530578613284,291.90265686035156,2044-12-01
360,287.76317504882815,287.8236877441406,288.02626037597656,288.1884765625,288.344482421875,289.1980285644531,289.4652893066406,2045-01-01
361,287.35431762695316,287.52891235351564,288.20228576660156,289.32598876953125,289.8393249511719,289.9720458984375,290.01240234374995,2045-02-01
362,288.1950109863281,288.50374145507817,289.4871368408203,289.81585693359375,289.9693145751953,290.3520782470703,290.46777893066405,2045-03-01
363,289.6666668701172,289.7390960693359,290.36810302734375,291.0445556640625,291.17474365234375,292.59247436523435,293.0494030761719,2045-04-01
364,291.5771154785156,291.8062316894531,292.5636291503906,292.7627868652344,293.6598358154297,294.9836486816406,295.3584729003906,2045-05-01
365,294.54875122070314,294.57957153320314,295.05921936035156,296.2998352050781,297.43218994140625,298.42882385253904,298.72165344238283,2045-06-01
366,297.1612182617188,297.33868408203125,298.5897674560547,299.565185546875,300.6192932128906,303.3520935058594,304.2691003417969,2045-07-01
367,298.4529284667969,298.4780212402344,299.11529541015625,300.0513610839844,301.9838562011719,305.5879760742188,306.63441650390627,2045-08-01
368,296.82965393066405,296.8797149658203,297.34959411621094,298.3958740234375,300.1717529296875,301.61406860351565,301.9179797363281,2045-09-01
369,294.38842102050785,294.4884918212891,295.14503479003906,295.69915771484375,296.4822540283203,296.5156555175781,296.52415161132814,2045-10-01
370,291.67927734374996,291.7043701171875,291.8552703857422,291.94525146484375,292.70521545410156,293.38427734375,293.49267578125,2045-11-01
371,288.8916271972656,289.06018676757816,289.84706115722656,290.2546691894531,290.40843200683594,290.7463409423828,290.8127203369141,2045-12-01
372,287.60051086425784,287.86168518066404,288.62408447265625,288.6453552246094,289.34185791015625,289.9855651855469,290.02057495117185,2046-01-01
373,287.6921545410156,287.7433654785156,288.07061767578125,288.6302795410156,288.7316131591797,289.2139129638672,289.376254272461,2046-02-01
374,288.1807116699219,288.3669372558594,288.9238739013672,289.115966796875,289.71107482910156,291.23825683593753,291.573603515625,2046-03-01
375,289.19762878417964,289.29405212402344,289.7078399658203,289.87322998046875,290.7513732910156,292.44415588378905,292.8614385986328,2046-04-01
376,291.63086364746096,291.63869323730466,292.0425109863281,293.06793212890625,293.48768615722656,296.3640197753906,297.3467541503906,2046-05-01
377,294.4313641357422,294.6166595458984,295.342529296875,295.7332458496094,296.5360412597656,299.48085632324216,300.28901794433597,2046-06-01
378,296.8554229736328,296.89076232910156,297.6467742919922,299.6003112792969,300.3127899169922,303.9710388183594,305.00726928710935,2046-07-01
379,298.99130065917973,299.0048431396484,299.1998291015625,299.4645690917969,301.54588317871094,305.19757080078125,306.30872802734376,2046-08-01
380,296.9776116943359,297.0502899169922,297.5236511230469,297.9664306640625,299.1226501464844,301.03118591308595,301.5345574951172,2046-09-01
381,294.7055834960937,294.7570434570313,294.9405212402344,295.0541687011719,296.4364929199219,297.37742919921874,297.58666748046875,2046-10-01
382,290.69318237304685,290.7826843261719,291.54173278808594,292.758544921875,292.9033508300781,292.94659423828125,292.9545776367188,2046-11-01
383,287.30164489746096,287.7228240966797,289.09747314453125,290.113525390625,290.3738708496094,290.7597595214844,290.8207995605469,2046-12-01
384,287.75317626953125,287.85767822265626,288.4161376953125,288.8879089355469,289.5631866455078,290.064599609375,290.205400390625,2047-01-01
385,287.7897570800782,287.85198364257815,288.1513366699219,288.89056396484375,289.7554931640625,290.1439514160156,290.2160217285156,2047-02-01
386,288.53237182617187,288.5491882324219,289.10874938964844,289.9722900390625,290.61517333984375,291.3240142822266,291.3664141845703,2047-03-01
387,289.51714294433594,289.67848815917966,290.19654846191406,290.7865905761719,291.8064880371094,293.6008575439453,294.20317932128904,2047-04-01
388,291.9621185302734,292.1638641357422,292.8453826904297,293.0482177734375,293.7326965332031,295.0863952636719,295.45055541992184,2047-05-01
389,295.63623352050786,295.87525939941406,296.6006317138672,297.0178527832031,297.41078186035156,299.9546295166015,300.7503253173828,2047-06-01
390,297.0745324707031,297.07847290039064,298.22918701171875,299.4106140136719,301.0015869140625,304.7494720458984,305.7008221435547,2047-07-01
391,299.2823614501953,299.3695709228516,299.99351501464844,300.7212219238281,302.6703643798828,305.97332458496095,306.62391296386716,2047-08-01
392,298.2098010253906,298.26543579101565,298.6067657470703,298.98553466796875,299.3401336669922,303.23821411132815,304.50840942382814,2047-09-01
393,294.217392578125,294.44658203125,295.4343566894531,295.7701110839844,296.13160705566406,297.6853057861328,298.1277838134766,2047-10-01
394,290.1692120361328,290.50231018066404,291.5378875732422,292.91790771484375,292.9288330078125,293.14405212402346,293.2175067138672,2047-11-01
395,289.3048486328125,289.3362548828125,289.4995422363281,290.1348876953125,290.4381408691406,291.12403869628906,291.2831573486328,2047-12-01
396,287.388486328125,287.7113525390625,288.6945037841797,288.8766784667969,289.49024963378906,290.0825714111328,290.0839703369141,2048-01-01
397,287.39771484375,287.48759765625,288.0816650390625,288.47247314453125,289.6796875,290.9186981201172,290.9351556396484,2048-02-01
398,287.4214892578125,287.6174560546875,288.4440460205078,289.2740783691406,290.32533264160156,291.85786132812495,292.31556640624996,2048-03-01
399,288.93896423339845,289.2973602294922,290.53955078125,291.03277587890625,291.353515625,292.78114013671876,293.24353271484375,2048-04-01
400,291.34711547851566,291.48325805664064,292.1787109375,292.51995849609375,293.7457580566406,296.85981140136715,297.87332946777343,2048-05-01
401,294.5552917480469,294.6247253417969,295.12754821777344,296.2152099609375,297.3767547607422,299.62359619140625,300.1574584960938,2048-06-01
402,296.98143676757815,297.1452209472656,297.95770263671875,300.0438232421875,301.1541748046875,303.9330261230469,304.6019616699219,2048-07-01
403,298.18650390625004,298.381005859375,299.3417053222656,300.07989501953125,302.640380859375,305.55364379882815,306.1622424316406,2048-08-01
404,296.1856524658203,296.5338531494141,297.6669921875,297.9447937011719,299.51402282714844,302.4924255371094,303.3173815917969,2048-09-01
405,294.1641864013672,294.23780212402346,294.87725830078125,295.5816345214844,296.0222473144531,296.51861267089845,296.5440057373047,2048-10-01
406,290.8312738037109,290.8774383544922,291.3731994628906,291.99835205078125,293.25616455078125,293.51060485839844,293.59582214355464,2048-11-01
407,288.28987792968746,288.31157226562505,288.68609619140625,289.82513427734375,290.88377380371094,291.6235656738281,291.8080627441406,2048-12-01
408,287.00322692871094,287.16713562011716,287.88360595703125,288.50146484375,289.01185607910156,290.0110778808594,290.29188842773436,2049-01-01
409,287.42608642578125,287.63372802734375,288.251953125,288.40179443359375,289.16136169433594,290.23916320800777,290.4861138916016,2049-02-01
410,287.9728350830078,288.1807037353516,288.8098907470703,290.0904846191406,290.55177307128906,290.8796325683594,290.93444702148435,2049-03-01
411,289.07076232910157,289.1570343017578,289.9523468017578,291.0447998046875,291.3434753417969,291.78453369140624,291.86186279296874,2049-04-01
412,290.8063366699219,291.26398315429685,292.898681640625,293.2562561035156,294.84922790527344,296.00072326660154,296.3897198486328,2049-05-01
413,293.7842034912109,293.9721649169922,295.4936065673828,296.63653564453125,298.2338104248047,299.33526000976565,299.54483520507813,2049-06-01
414,297.01704284667966,297.14368591308596,298.5650939941406,300.3865966796875,301.0735626220703,303.86204833984374,304.67773193359375,2049-07-01
415,298.1173748779297,298.1874603271484,299.2150421142578,300.3421325683594,302.5273895263672,306.2914276123047,307.0817474365234,2049-08-01
416,296.1405017089844,296.4211364746094,297.8785095214844,298.728515625,299.6305389404297,302.3335205078125,303.1270556640625,2049-09-01
417,293.94220825195316,293.95676879882814,294.5780944824219,295.6055603027344,296.3795928955078,297.36953125,297.52322265624997,2049-10-01
418,290.16462768554686,290.4026062011719,291.3779602050781,291.9318542480469,293.0056610107422,293.8931549072266,294.0472344970703,2049-11-01
419,288.5427490234375,288.7960205078125,289.7230682373047,289.9634094238281,290.6042022705078,291.21216735839846,291.23933288574216,2049-12-01
420,287.63397705078125,287.7766967773438,288.62059020996094,289.590576171875,289.8815460205078,290.63938598632814,290.8236047363281,2050-01-01
421,287.3501849365234,287.5353485107422,288.4613037109375,289.2466125488281,290.0819854736328,290.4698211669922,290.48661560058594,2050-02-01
422,289.01083801269533,289.01244201660154,289.12257385253906,289.2615051269531,290.16346740722656,290.8363067626953,290.9231939697266,2050-03-01
423,289.88840576171873,289.93079833984376,290.505126953125,291.51800537109375,291.97071838378906,292.9549591064453,293.1908941650391,2050-04-01
424,292.58412353515627,292.6960083007813,293.0372619628906,293.5470275878906,294.2012481689453,296.57424011230466,297.22764099121093,2050-05-01
425,295.65643615722655,295.7123565673828,295.93934631347656,296.08062744140625,297.2481994628906,300.1360412597656,300.94407836914064,2050-06-01
426,297.34490112304684,297.5680114746094,298.35511779785156,298.611328125,301.0588073730469,304.309423828125,305.0908154296875,2050-07-01
427,297.9503924560547,298.27808532714846,299.4794006347656,300.86334228515625,302.73394775390625,305.7927307128906,306.45708129882814,2050-08-01
428,297.6252850341797,297.7288421630859,298.3690185546875,299.4123840332031,300.0871276855469,301.5226348876953,301.80799377441406,2050-09-01
429,294.4007989501953,294.6111724853516,295.2936248779297,295.8486328125,296.78590393066406,297.21424865722656,297.2885528564453,2050-10-01
430,290.14898681640625,290.51922607421875,291.9409942626953,292.4323425292969,293.74891662597656,294.0902160644531,294.1640148925781,2050-11-01
431,288.79516357421875,288.83458251953124,289.32688903808594,289.8694763183594,290.7007751464844,291.7616790771484,291.85719421386716,2050-12-01
432,287.63984924316406,287.72366027832027,288.1922149658203,288.6993713378906,289.3168640136719,289.6562957763672,289.7388031005859,2051-01-01
433,287.7491162109375,287.976416015625,288.7339782714844,289.29205322265625,289.51670837402344,290.7749267578125,291.16628906249997,2051-02-01
434,286.9432928466797,287.3241302490234,288.54736328125,289.3442077636719,290.2765197753906,290.6157104492188,290.6447729492188,2051-03-01
435,288.89736022949216,288.90281677246094,289.6064147949219,290.9270935058594,291.368896484375,293.1128448486328,293.57720764160155,2051-04-01
436,291.04897338867187,291.2496276855469,292.3922424316406,293.87689208984375,294.1483612060547,296.5929901123047,297.3701849365234,2051-05-01
437,295.16481750488276,295.20421447753904,295.5699005126953,296.1112365722656,298.2118835449219,300.1149658203125,300.5088330078125,2051-06-01
438,297.51387756347657,297.5393585205078,298.547119140625,299.6473693847656,302.1363983154297,303.7249938964844,304.2518103027344,2051-07-01
439,297.61330871582027,297.85328674316406,299.1511535644531,300.1976013183594,302.5584259033203,306.3728302001953,307.54981018066405,2051-08-01
440,297.4418353271484,297.4828582763672,298.1838073730469,299.0483093261719,299.4168395996094,301.7195098876953,302.45637756347656,2051-09-01
441,294.44301635742187,294.6766296386719,295.8255310058594,296.6086120605469,297.30665588378906,297.5981689453125,297.6204638671875,2051-10-01
442,290.50357727050783,290.52106018066405,291.1851806640625,292.09619140625,293.1365966796875,294.40599060058594,294.7365692138672,2051-11-01
443,287.7821643066406,287.88335571289065,288.8292694091797,289.7664489746094,290.1192626953125,291.08345336914067,291.31510375976563,2051-12-01
444,287.12120544433594,287.3981414794922,288.55958557128906,289.1348571777344,289.40830993652344,290.47705078125,290.8142578125,2052-01-01
445,287.9693603515625,288.0184326171875,288.3904571533203,289.3334045410156,289.447265625,290.36902160644536,290.6609869384765,2052-02-01
446,287.85045715332035,288.1383941650391,289.307861328125,289.75860595703125,290.2237854003906,290.8364959716797,291.0093402099609,2052-03-01
447,289.7789526367187,289.91966552734374,290.5116271972656,291.0013732910156,291.35060119628906,292.9007293701172,293.3279730224609,2052-04-01
448,291.75492492675784,291.7741363525391,292.02037048339844,292.8288879394531,293.9339294433594,296.1483917236328,296.7898834228516,2052-05-01
449,293.8033056640625,293.8656494140625,295.0779571533203,296.1207275390625,298.5659484863281,299.5324279785156,299.8178381347656,2052-06-01
450,296.8833508300781,296.9543518066406,297.6157989501953,299.6868591308594,301.3813781738281,303.79717712402345,304.2236444091797,2052-07-01
451,298.06767333984374,298.23826904296874,299.0653381347656,299.9934997558594,303.25901794433594,304.49419555664065,304.50762817382815,2052-08-01
452,297.52861450195314,297.6519836425781,298.1925811767578,299.14141845703125,300.1260986328125,301.7716979980469,302.30878295898435,2052-09-01
453,294.8830615234375,294.8906494140625,294.98411560058594,295.10089111328125,296.3724060058594,297.0561767578125,297.08660156250005,2052-10-01
454,290.6390301513672,290.8505462646484,291.5762634277344,291.9778747558594,292.76060485839844,293.3900573730469,293.46639038085937,2052-11-01
455,288.8815087890625,288.912548828125,289.0094299316406,289.9252624511719,290.3451843261719,290.54319152832034,290.56032287597657,2052-12-01
456,286.36042968749996,286.7715087890625,288.3081970214844,289.0662841796875,289.20240783691406,289.6793273925781,289.8368420410156,2053-01-01
457,287.28397399902343,287.5972381591797,288.5665283203125,288.8530578613281,289.685791015625,290.00090332031255,290.07222656249996,2053-02-01
458,288.01088439941407,288.01462707519534,288.5999298095703,289.5633544921875,290.3565368652344,290.57166442871096,290.6390399169922,2053-03-01
459,289.78595703125,289.99033203125,290.61595153808594,291.1265869140625,291.35719299316406,291.6922271728516,291.7356378173828,2053-04-01
460,291.49660522460937,291.7510925292969,292.55548095703125,292.6496276855469,293.58741760253906,295.34523010253906,295.8527618408203,2053-05-01
461,294.1305792236328,294.40301818847655,295.35479736328125,296.2412109375,296.45294189453125,298.8257751464844,299.5699157714844,2053-06-01
462,297.10624145507813,297.2473937988281,298.1791076660156,298.87841796875,300.42359924316406,303.3961578369141,303.9636309814453,2053-07-01
463,297.32653259277345,297.6172821044922,299.31324768066406,301.5656433105469,302.3093566894531,305.4408477783203,306.27728088378905,2053-08-01
464,296.50024841308596,296.76735534667966,298.15980529785156,298.814453125,299.7684631347656,302.81061401367185,303.5313610839844,2053-09-01
465,293.8627569580078,294.05572814941405,295.19073486328125,295.8255920410156,296.1904754638672,297.5317718505859,297.9770330810547,2053-10-01
466,289.7180859375,290.5182861328125,292.8692169189453,292.9495544433594,293.4513854980469,294.0475830078125,294.16935546875,2053-11-01
467,288.82794921875,289.03525390625,289.64813232421875,290.7882995605469,291.4737854003906,292.5156494140625,292.7537890625,2053-12-01
468,287.4417041015625,287.6980224609375,288.67979431152344,289.1483459472656,289.45448303222656,289.7589141845703,289.8582525634765,2054-01-01
469,287.8892236328125,287.994091796875,288.3918151855469,289.287109375,289.6899719238281,290.67774353027346,290.9775897216797,2054-02-01
470,287.8522772216797,288.2533294677734,289.5548095703125,290.38031005859375,290.4787139892578,290.7196014404297,290.80021911621094,2054-03-01
471,289.0379180908203,289.08973693847656,290.1938781738281,291.7424011230469,292.13673400878906,292.8670684814453,293.0140875244141,2054-04-01
472,291.36173889160153,291.59018859863284,292.7436065673828,293.5023193359375,294.1526794433594,296.407958984375,297.1089599609375,2054-05-01
473,294.62591369628905,294.77202453613285,295.41822814941406,296.43157958984375,297.26678466796875,300.6092010498047,301.52655212402345,2054-06-01
474,296.7920147705078,297.1320709228516,298.6792449951172,299.3572998046875,300.7406463623047,304.0441528320313,304.86200439453125,2054-07-01
475,297.83805114746093,297.9235321044922,299.3690490722656,301.1197509765625,302.6335906982422,305.23870849609375,305.8863159179688,2054-08-01
476,297.0340478515625,297.20234375,298.14012145996094,299.5235290527344,300.4293670654297,302.60234375,303.1397802734375,2054-09-01
477,294.0669525146484,294.0963592529297,294.57945251464844,296.4056091308594,297.63536071777344,299.0515533447266,299.4640460205078,2054-10-01
478,292.0168420410156,292.04758911132814,292.39251708984375,292.6850280761719,293.68238830566406,294.2502197265625,294.37411621093753,2054-11-01
479,289.11012634277347,289.3267547607422,289.9696044921875,290.0256652832031,290.37074279785156,291.49354858398436,291.8237097167969,2054-12-01
480,287.88370239257813,288.06817016601565,288.83238220214844,289.1742248535156,289.67250061035156,291.1044677734375,291.5090283203125,2055-01-01
481,287.2983917236328,287.50672912597656,288.27854919433594,288.45965576171875,289.16612243652344,290.6266265869141,291.0706134033203,2055-02-01
482,288.2227795410156,288.3592590332031,288.9656219482422,289.5039367675781,290.3418426513672,291.50657653808594,291.85370788574215,2055-03-01
483,289.6674774169922,289.70750427246094,290.13780212402344,291.55889892578125,292.28929138183594,293.3746734619141,293.5458331298828,2055-04-01
484,292.4391027832031,292.47200317382817,292.76971435546875,293.0739440917969,294.0184326171875,296.26990051269536,296.96272033691406,2055-05-01
485,295.0815289306641,295.28191223144535,295.8835754394531,296.0914306640625,297.29335021972656,300.8990844726562,301.76074951171876,2055-06-01
486,297.1465112304688,297.36622314453126,298.5449523925781,299.1399841308594,300.85826110839844,304.59703369140624,305.4386450195313,2055-07-01
487,298.64094787597656,298.9045684814453,299.75404357910156,301.1028137207031,302.60044860839844,305.3545379638672,306.08069763183596,2055-08-01
488,297.4361505126953,297.7566802978516,298.7235412597656,299.0613098144531,299.257568359375,301.89863281249995,302.776455078125,2055-09-01
489,293.8632641601563,294.1106323242188,295.18153381347656,295.7105712890625,296.759765625,297.97984924316404,298.1873516845703,2055-10-01
490,289.8428771972656,290.2558898925781,292.171875,292.95611572265625,293.35874938964844,293.98330078125,294.154423828125,2055-11-01
491,287.1006842041016,287.62134094238286,289.3395080566406,289.882568359375,290.84405517578125,291.9265594482422,292.25098571777346,2055-12-01
492,287.8372344970703,287.90699768066406,288.1833038330078,288.5201416015625,289.411376953125,290.55115661621096,290.8830096435547,2056-01-01
493,287.30082397460933,287.4010925292969,287.81553649902344,288.5235900878906,290.09584045410156,290.7134735107422,290.7597113037109,2056-02-01
494,288.0925244140625,288.33798828125003,289.2591857910156,289.4794006347656,291.09661865234375,292.50836486816405,292.7956427001953,2056-03-01
495,289.19255187988284,289.44859924316404,290.27735900878906,291.3318176269531,292.1432800292969,293.4129638671875,293.632177734375,2056-04-01
496,292.54764160156253,292.6776611328125,293.1342315673828,293.2702331542969,294.1970977783203,296.44212341308594,296.94350280761716,2056-05-01
497,295.1626104736328,295.25604553222655,295.73280334472656,297.4909973144531,297.87225341796875,300.90728149414065,301.90391723632814,2056-06-01
498,297.7570532226563,298.00023193359374,298.8154602050781,300.1771240234375,301.3849334716797,303.8392852783203,304.49253967285154,2056-07-01
499,298.1913153076172,298.4510833740235,299.55934143066406,301.0317077636719,302.22076416015625,305.96083679199216,306.93686950683593,2056-08-01
500,297.37798828125,297.5983154296875,298.2878112792969,299.3512268066406,300.22779846191406,303.99244995117186,305.16548217773436,2056-09-01
501,294.29103271484377,294.4325805664063,294.8556823730469,294.9122314453125,296.09019470214844,297.9818817138672,298.40807067871094,2056-10-01
502,289.7996221923828,290.1425201416016,291.23681640625,291.71051025390625,292.28192138671875,292.6874237060547,292.81951599121095,2056-11-01
503,287.30118774414063,287.83894653320317,289.7294616699219,290.2199401855469,290.4375457763672,290.78794555664064,290.8791467285156,2056-12-01
504,287.716904296875,287.90397949218755,288.54542541503906,288.9945373535156,290.2239532470703,290.60997314453124,290.6443823242187,2057-01-01
505,288.1078863525391,288.1484405517578,288.35426330566406,289.17724609375,289.7765350341797,290.8878601074219,291.08518920898433,2057-02-01
506,289.01719970703124,289.05975341796875,289.5304870605469,289.9917297363281,290.9372100830078,293.22963256835936,293.6943395996094,2057-03-01
507,289.88172058105465,289.9274017333985,290.35935974121094,291.0523376464844,291.4950714111328,294.1159240722656,294.9981848144531,2057-04-01
508,292.2586956787109,292.27333679199216,292.34400939941406,293.1376037597656,293.71409606933594,296.7541564941406,297.7357922363281,2057-05-01
509,293.8334051513672,294.2663909912109,295.53125,295.611328125,297.2387237548828,300.4124389648438,301.3149584960937,2057-06-01
510,297.57453979492186,297.93666381835936,298.992919921875,299.80694580078125,300.7831268310547,303.4822937011719,304.2067614746094,2057-07-01
511,298.3325164794922,298.36888122558594,298.87806701660156,299.77593994140625,301.8518524169922,305.06285095214844,305.7687957763672,2057-08-01
512,297.90058166503906,298.12339172363284,298.833740234375,299.5221252441406,300.2154846191406,301.74883422851565,302.2419299316406,2057-09-01
513,295.415029296875,295.4815185546875,295.6956481933594,296.11346435546875,296.67431640625,297.46425476074216,297.62854431152346,2057-10-01
514,291.84529357910156,291.9675567626953,292.40504455566406,292.7716064453125,293.3843536376953,294.2458435058594,294.40151245117187,2057-11-01
515,286.5122326660156,287.2074035644531,289.418212890625,290.3782653808594,291.5064239501953,291.5755340576172,291.59437927246097,2057-12-01
516,287.6900939941406,287.8054504394531,288.3206024169922,289.6017761230469,289.8056640625,290.12001953125,290.169267578125,2058-01-01
517,287.4074127197266,287.6043243408203,288.2310791015625,288.4313659667969,289.1660461425781,290.9690765380859,291.5805096435547,2058-02-01
518,287.8476495361328,287.9323394775391,288.58544921875,289.3885498046875,289.4739227294922,292.3849273681641,293.3756671142578,2058-03-01
519,289.6691851806641,289.76352844238284,290.3272247314453,290.64044189453125,291.2697296142578,293.0496887207031,293.59860961914063,2058-04-01
520,291.08500122070313,291.1627990722656,291.8147888183594,293.204345703125,294.2496643066406,296.6040405273437,297.3343823242187,2058-05-01
521,294.6315362548828,294.7813385009766,295.2978210449219,296.2829895019531,297.4154510498047,300.7803527832031,301.6776281738281,2058-06-01
522,297.584267578125,297.8562744140625,298.8998107910156,299.6808166503906,300.47608947753906,305.03383178710936,306.3687292480469,2058-07-01
523,298.1965649414063,298.6736206054687,300.0977783203125,300.6363525390625,301.96034240722656,304.7183380126953,305.3812164306641,2058-08-01
524,295.79408142089846,296.2440887451172,297.7901306152344,298.6634216308594,300.21978759765625,301.572802734375,301.9053076171875,2058-09-01
525,293.7479132080078,294.0117828369141,294.9987030029297,295.47833251953125,296.4421081542969,297.60804443359376,297.75183349609375,2058-10-01
526,291.9406329345703,292.0392242431641,292.38279724121094,292.6196594238281,293.2539825439453,294.0051788330078,294.15723693847656,2058-11-01
527,288.02459411621095,288.1459197998047,289.11119079589844,289.96807861328125,290.2593688964844,291.13660888671876,291.38169189453123,2058-12-01
528,287.5140893554688,287.5831420898437,288.4021453857422,289.226318359375,289.8231506347656,291.23142700195314,291.54704223632814,2059-01-01
529,287.60318359375,287.980029296875,289.21844482421875,289.37030029296875,289.99864196777344,291.0136291503906,291.23663696289066,2059-02-01
530,288.7994793701172,288.8499359130859,289.3477020263672,289.9454040527344,290.4434051513672,292.5926574707031,293.30241821289064,2059-03-01
531,289.284331665039,289.5339630126953,290.70660400390625,291.164306640625,291.47984313964844,293.33420715332034,293.9516314697266,2059-04-01
532,292.14434692382815,292.25725708007815,292.8233337402344,293.2004089355469,293.97142028808594,295.65913696289067,295.9893713378906,2059-05-01
533,294.59839416503905,294.8232696533203,295.7715148925781,296.0968322753906,297.51942443847656,301.30413818359375,302.5362182617187,2059-06-01
534,297.25224975585934,297.42958374023436,298.60443115234375,299.87249755859375,301.96588134765625,305.57209472656245,306.7272119140625,2059-07-01
535,299.2854931640625,299.3520263671875,299.7552032470703,301.2471618652344,304.0525665283203,305.7639404296875,306.21345703125,2059-08-01
536,296.81346923828124,296.9679809570313,297.68035888671875,299.08294677734375,300.36395263671875,302.4757873535156,303.0069250488281,2059-09-01
537,294.623251953125,294.672412109375,294.91162109375,295.84600830078125,296.1721954345703,296.5821533203125,296.61870117187505,2059-10-01
538,290.5301318359375,290.58876953125,291.0770263671875,291.5760192871094,292.3442840576172,293.253857421875,293.3937646484375,2059-11-01
539,288.95548950195314,289.14963989257814,289.7890625,290.2349853515625,290.77362060546875,291.41171875,291.60021484375,2059-12-01
540,287.05285827636715,287.35096130371096,288.35826110839844,288.57183837890625,289.08595275878906,289.4353424072266,289.4715167236328,2060-01-01
541,287.3601190185547,287.51812438964845,288.00218200683594,288.7566223144531,289.08274841308594,289.18202209472656,289.1983184814453,2060-02-01
542,288.450751953125,288.5181640625,288.73048400878906,290.1825866699219,290.40623474121094,291.8779022216797,292.35722106933594,2060-03-01
543,289.64384704589844,289.6496551513672,289.67942810058594,290.2391662597656,291.18238830566406,293.3074890136719,294.03430053710935,2060-04-01
544,291.5956439208984,291.8018280029297,292.4539031982422,292.8345947265625,293.40174865722656,296.56300964355466,297.5058636474609,2060-05-01
545,294.4457342529297,294.8371917724609,296.04917907714844,296.2295227050781,296.82334899902344,299.4506896972656,300.2177990722656,2060-06-01
546,297.87625488281253,298.184619140625,299.21253967285156,299.9342956542969,301.41453552246094,304.4489013671875,305.34456542968746,2060-07-01
547,299.0363836669922,299.2377044677735,300.03106689453125,300.5509338378906,302.4426574707031,306.4508544921875,307.3628515625,2060-08-01
548,297.42354003906246,297.6621337890625,298.54539489746094,299.5238342285156,300.0244445800781,301.29510192871095,301.6401971435547,2060-09-01
549,294.82453063964846,295.0346405029297,295.7373046875,296.11737060546875,296.4232177734375,298.48731994628906,299.1648468017578,2060-10-01
550,291.65987182617187,291.7626159667969,292.2850341796875,293.0014953613281,293.0207824707031,293.5443481445312,293.7209790039062,2060-11-01
551,289.2458239746094,289.3724304199219,290.00181579589844,290.34771728515625,290.91510009765625,291.6364776611328,291.72614807128906,2060-12-01
552,287.37470703125,287.615966796875,288.59278869628906,288.9467468261719,289.31764221191406,289.6676879882813,289.7422778320313,2061-01-01
553,287.51750549316404,287.5825225830078,288.1043395996094,288.8052062988281,289.25135803222656,289.976025390625,290.1519677734375,2061-02-01
554,288.0639099121094,288.2596130371094,288.9658660888672,289.30792236328125,289.8863983154297,290.42018127441406,290.44826965332027,2061-03-01
555,289.03639160156246,289.2591064453125,289.9605712890625,290.7651672363281,292.0403747558594,293.9639923095703,294.56342834472656,2061-04-01
556,291.32544738769536,291.8144927978516,293.2691650390625,293.7211608886719,294.6144561767578,296.8219909667969,297.3256774902344,2061-05-01
557,294.9300842285156,295.1618957519531,295.9357452392578,296.5277099609375,297.26220703125,299.7208282470703,300.38325256347656,2061-06-01
558,296.98095092773434,297.0382995605469,297.9277038574219,298.6875,300.9858856201172,304.4351409912109,305.3793865966797,2061-07-01
559,298.7488049316406,299.04187622070316,300.10594177246094,300.6020812988281,302.9413146972656,307.0666839599609,308.15962585449216,2061-08-01
560,296.56187622070314,297.00225219726565,298.80589294433594,299.9345397949219,300.5343933105469,302.1378936767578,302.6442535400391,2061-09-01
561,293.8416143798828,293.92523498535155,294.6062469482422,295.7708435058594,296.99049377441406,297.31891174316405,297.37152160644536,2061-10-01
562,290.5361059570313,290.90159912109374,291.9884948730469,292.4272766113281,293.32435607910156,293.53161010742184,293.5881823730469,2061-11-01
563,288.51914855957034,288.6318756103516,289.35882568359375,290.594970703125,291.03346252441406,291.4961791992188,291.64855224609374,2061-12-01
564,288.0640490722656,288.27532348632815,289.18426513671875,289.6124267578125,290.07655334472656,291.6793212890625,292.130859375,2062-01-01
565,287.4005322265625,287.8622802734375,289.33164978027344,289.76708984375,290.1551971435547,290.7802978515625,290.98943359375,2062-02-01
566,288.5132214355469,288.72052612304685,289.58042907714844,290.4595642089844,291.4540710449219,292.4103637695312,292.5655932617188,2062-03-01
567,290.4576873779297,290.54136657714844,290.8377380371094,291.0359802246094,292.4925231933594,293.1971893310547,293.38025817871096,2062-04-01
568,292.22368591308594,292.4538787841797,293.1417694091797,293.220458984375,294.8619079589844,296.54347229003906,296.9431182861328,2062-05-01
569,294.96645385742187,295.3553405761719,296.58665466308594,296.76617431640625,298.20008850097656,300.3928985595703,301.1267486572266,2062-06-01
570,297.4036401367187,297.64979248046876,298.7945556640625,300.68994140625,301.5920104980469,305.7421813964844,306.9925280761719,2062-07-01
571,297.6885089111328,298.2012115478516,300.3583679199219,301.09527587890625,302.55628967285156,305.5483917236328,306.3514263916016,2062-08-01
572,297.0053430175781,297.03587036132814,297.5500793457031,298.9012451171875,300.08265686035156,301.1848571777344,301.48223510742184,2062-09-01
573,293.09380004882814,293.5983947753906,295.16209411621094,296.8574523925781,297.6431884765625,298.17258605957034,298.2100054931641,2062-10-01
574,290.19316467285154,290.6174346923828,292.0330810546875,292.2205810546875,294.02171325683594,294.68974609375,294.766123046875,2062-11-01
575,289.05287048339846,289.2022186279297,289.7876434326172,290.15057373046875,291.313720703125,292.11298217773435,292.2396618652344,2062-12-01
576,287.3434973144531,287.4479553222656,287.8968811035156,288.0618896484375,289.7873840332031,290.79306945800784,291.0351275634766,2063-01-01
577,287.4481579589844,287.46210327148435,287.7819366455078,288.0648193359375,289.3146209716797,291.0803253173828,291.66760314941405,2063-02-01
578,288.6978826904297,288.8109466552734,289.40464782714844,290.0689697265625,290.6517639160156,290.98822021484375,291.0712768554688,2063-03-01
579,289.82671325683594,289.88222351074216,290.6306915283203,291.22265625,291.74415588378906,294.11913146972654,294.8520733642578,2063-04-01
580,292.4847045898438,292.81121826171875,293.7748260498047,293.91864013671875,294.2090606689453,295.80120849609375,296.24769287109376,2063-05-01
581,294.44325256347656,294.7620391845703,295.8140106201172,296.5809020996094,297.2764434814453,300.20470275878904,301.1619854736328,2063-06-01
582,297.9698059082031,298.0325012207031,298.8010559082031,299.7376403808594,300.7580871582031,304.55995178222656,305.6997100830078,2063-07-01
583,298.8881591796875,299.0648193359375,299.8069610595703,301.0250549316406,302.42645263671875,305.6968078613281,306.3668273925781,2063-08-01
584,297.1157043457031,297.5711975097656,298.92030334472656,299.5080871582031,299.82261657714844,301.7164581298828,302.35181213378905,2063-09-01
585,294.29469970703127,294.66429443359374,295.95823669433594,296.3760681152344,296.91734313964844,297.7954528808594,297.97908569335937,2063-10-01
586,292.1917980957031,292.2830871582031,292.6337127685547,292.79022216796875,293.2987976074219,294.60870361328125,295.01043701171875,2063-11-01
587,288.7382531738281,288.89951782226564,289.4577941894531,290.41400146484375,290.79254150390625,291.230224609375,291.314453125,2063-12-01
588,286.2320904541016,286.4805206298828,287.7058410644531,288.66326904296875,289.62953186035156,290.0975006103515,290.2476983642578,2064-01-01
589,286.49674926757814,286.70701293945314,287.5361328125,288.2320861816406,289.5323791503906,290.0603881835938,290.1650073242188,2064-02-01
590,287.44713134765624,287.73321533203125,288.8665313720703,289.74090576171875,290.6529998779297,291.69948120117186,291.9991735839844,2064-03-01
591,289.24258789062503,289.44291992187505,290.17662048339844,291.3751220703125,291.67823791503906,292.5767822265625,292.83518066406253,2064-04-01
592,292.4714385986328,292.60865783691406,293.18499755859375,293.7012939453125,294.02577209472656,295.7195190429687,296.20977294921875,2064-05-01
593,294.50317810058596,294.60915222167966,295.3712463378906,296.6708679199219,297.077880859375,300.13015441894527,301.1725152587891,2064-06-01
594,297.848306274414,298.1109161376953,299.0024108886719,300.0579528808594,300.3100280761719,304.3887725830078,305.71869689941406,2064-07-01
595,297.7969744873047,298.02454528808596,299.5411834716797,301.4580078125,301.7879638671875,306.39317932128904,307.9344952392578,2064-08-01
596,296.7989093017578,296.8238922119141,297.7657470703125,299.4996337890625,299.80218505859375,301.79515075683594,302.4065399169922,2064-09-01
597,294.0065234375,294.0896240234375,294.75689697265625,295.8423156738281,296.76568603515625,298.77972717285155,299.4337286376953,2064-10-01
598,290.7086486816406,291.0254211425781,292.0954284667969,292.61187744140625,292.74183654785156,293.6074920654297,293.87430603027343,2064-11-01
599,288.29093688964844,288.5960418701172,289.56593322753906,290.5668029785156,290.81019592285156,291.4197265625,291.59791015625,2064-12-01
600,287.3884185791016,287.4879913330078,288.1881103515625,289.1701965332031,289.7066345214844,290.64735107421876,290.88987060546873,2065-01-01
601,287.5565423583984,287.5676239013672,288.3112487792969,289.03167724609375,289.76702880859375,290.3918121337891,290.5807550048828,2065-02-01
602,288.51925170898437,288.63361206054685,289.4127655029297,290.19732666015625,290.89337158203125,291.9488525390625,292.11123046875,2065-03-01
603,290.7444708251953,290.77228088378905,290.8760528564453,291.0190734863281,291.8128662109375,293.5525238037109,294.1428778076172,2065-04-01
604,291.9770916748047,292.0425628662109,292.33103942871094,292.94677734375,293.6786346435547,295.80555725097656,296.4331329345703,2065-05-01
605,295.5322406005859,295.5812469482422,295.80491638183594,296.9822692871094,297.3797302246094,300.04649963378904,300.91200988769526,2065-06-01
606,297.8136541748047,297.8960296630859,298.50341796875,300.47845458984375,301.52687072753906,304.1009582519531,304.73066528320317,2065-07-01
607,298.5394775390625,298.716064453125,300.3152160644531,301.88555908203125,302.9735565185547,305.85523986816406,306.65867004394534,2065-08-01
608,297.31862060546877,297.7289672851563,299.3050842285156,299.8662109375,300.1971435546875,301.9635498046875,302.483408203125,2065-09-01
609,295.0292749023438,295.10828857421876,295.3714294433594,296.1306457519531,297.02813720703125,298.4358337402344,298.8609460449219,2065-10-01
610,291.4684143066406,291.5171203613281,291.8291931152344,292.3033752441406,293.2581024169922,294.03639221191406,294.2193878173828,2065-11-01
611,288.78035034179686,288.8114196777344,289.4622039794922,290.08978271484375,290.57838439941406,291.00067749023435,291.0936657714844,2065-12-01
612,288.4570068359375,288.4578857421875,288.6666259765625,288.9085998535156,289.77349853515625,290.3811492919922,290.42901306152345,2066-01-01
613,286.5009375,286.6852294921875,287.9293518066406,289.075439453125,289.9913635253906,291.9917694091797,292.41422302246093,2066-02-01
614,288.27847167968747,288.3987060546875,289.03448486328125,289.4992370605469,290.5199279785156,291.1627624511719,291.30208374023437,2066-03-01
615,289.8323748779297,289.98780212402346,290.51268005371094,290.7634582519531,291.2593536376953,293.09332275390625,293.64747314453126,2066-04-01
616,292.1352288818359,292.1879852294922,292.5490264892578,292.85540771484375,294.44061279296875,296.0507415771484,296.2992596435547,2066-05-01
617,295.06438049316404,295.0751983642578,295.4414825439453,296.102783203125,298.2673034667969,301.91358642578126,302.64441162109375,2066-06-01
618,297.2379229736328,297.3721099853516,298.3152160644531,298.98138427734375,301.5073547363281,305.96363220214846,307.23012878417967,2066-07-01
619,298.11518310546876,298.39110107421874,299.36570739746094,301.52105712890625,303.07322692871094,307.3825286865234,308.3985516357422,2066-08-01
620,297.9738311767578,298.21681213378906,298.9829864501953,300.0509033203125,300.84881591796875,303.3315093994141,304.0628106689453,2066-09-01
621,295.1631781005859,295.3918182373047,296.1044158935547,296.345947265625,296.78802490234375,298.9060119628906,299.50400512695313,2066-10-01
622,291.37812866210936,291.5769226074219,292.2684783935547,293.46044921875,293.9799499511719,294.7728637695312,294.8769848632812,2066-11-01
623,289.681494140625,289.7530517578125,290.07252502441406,290.7890319824219,291.00225830078125,291.24639587402345,291.32576843261717,2066-12-01
624,288.546470336914,288.6492218017578,289.0495147705078,289.2707214355469,289.54388427734375,289.8509979248047,289.88633728027344,2067-01-01
625,287.5348852539062,287.80882568359374,288.7152862548828,289.0422668457031,289.448486328125,290.1417633056641,290.33365051269527,2067-02-01
626,287.6751135253906,287.9695617675781,288.87139892578125,289.59942626953125,290.2683410644531,292.1839080810547,292.6388812255859,2067-03-01
627,288.9474829101562,289.2283813476563,290.3326721191406,290.72369384765625,291.67669677734375,294.3433135986328,295.07691467285156,2067-04-01
628,290.93851196289063,291.19036254882815,292.6224670410156,293.5699768066406,293.9723663330078,296.25059509277344,296.93610534667965,2067-05-01
629,294.60613098144535,294.74305725097656,295.73370361328125,296.7430725097656,298.48512268066406,301.784341430664,302.5472979736328,2067-06-01
630,297.67609252929685,297.8721618652344,298.9065704345703,299.5527648925781,301.97035217285156,304.95763854980464,305.56354919433596,2067-07-01
631,298.6721032714844,298.8801696777344,299.74505615234375,301.2143249511719,302.7628631591797,305.44634399414065,306.2271350097656,2067-08-01
632,297.45298889160154,297.6237091064453,298.7638702392578,299.47113037109375,300.7659606933594,302.90478515625,303.326806640625,2067-09-01
633,294.20796325683597,294.36403503417966,295.0005798339844,296.3966064453125,296.91229248046875,299.686734008789,300.5897149658203,2067-10-01
634,291.9985314941406,292.10471801757814,292.7409210205078,293.20806884765625,294.2584991455078,294.5186492919922,294.58795837402346,2067-11-01
635,288.27330139160154,288.5040802001953,289.3505859375,290.6937561035156,291.1044158935547,291.408041381836,291.4526531982422,2067-12-01
636,286.85029174804686,287.2176452636719,288.4158935546875,288.5787658691406,289.4618835449219,290.32972106933596,290.4937762451172,2068-01-01
637,287.6936920166016,287.6949005126953,287.7646789550781,288.937255859375,290.1819152832031,290.8766296386719,290.94768920898434,2068-02-01
638,288.1830810546875,288.4937744140625,289.49652099609375,289.9197692871094,290.1681213378906,290.24590454101565,290.27200805664063,2068-03-01
639,289.93702331542966,290.09502868652345,290.6429748535156,291.0093994140625,292.1591339111328,292.9715942382812,293.01843994140626,2068-04-01
640,292.3437786865234,292.47743835449216,292.96583557128906,293.87713623046875,294.88230895996094,296.58689880371094,296.97878112792966,2068-05-01
641,294.71820556640625,295.0927368164063,296.34669494628906,296.61273193359375,297.6748962402344,301.8597442626953,303.08796447753906,2068-06-01
642,297.9252960205078,298.05628967285156,298.8206481933594,299.4877624511719,301.1492004394531,304.8192626953125,305.5960546875,2068-07-01
643,299.105634765625,299.23728027343753,299.67213439941406,300.8219299316406,302.95196533203125,305.74438781738286,306.2986334228516,2068-08-01
644,297.5257012939453,297.5597808837891,298.2052459716797,299.21954345703125,300.4314727783203,302.36493225097655,302.9590948486328,2068-09-01
645,294.3127978515625,294.4270263671875,294.978515625,295.67974853515625,296.9365539550781,299.20142822265626,299.60947509765623,2068-10-01
646,291.27647766113284,291.29718322753905,291.58082580566406,292.2490539550781,293.33164978027344,293.8233001708984,293.85770202636724,2068-11-01
647,287.8309356689453,288.16700744628906,289.26519775390625,290.72308349609375,291.0111389160156,291.566162109375,291.6807861328125,2068-12-01
648,286.75361816406246,287.0171142578125,288.3988952636719,289.10443115234375,290.21112060546875,290.5473815917969,290.5909460449219,2069-01-01
649,288.0152130126953,288.06886291503906,288.23583984375,288.7862548828125,290.1852264404297,290.8955474853516,291.1061846923828,2069-02-01
650,288.40534851074216,288.47376403808596,289.0363311767578,289.9320373535156,290.3515625,290.83653869628904,290.9999493408203,2069-03-01
651,289.9545593261719,290.0530700683594,290.56443786621094,291.4678649902344,291.7190704345703,293.6905914306641,294.3164385986328,2069-04-01
652,292.2267846679688,292.28492431640626,292.5851593017578,293.27947998046875,293.6354217529297,296.87201232910155,297.9807012939453,2069-05-01
653,294.52086669921874,294.6827026367188,295.2459259033203,296.3372802734375,297.51234436035156,301.24704895019534,302.2134722900391,2069-06-01
654,297.65618225097654,297.6936309814453,298.51893615722656,299.9243469238281,302.07179260253906,305.5060302734375,306.3257421875,2069-07-01
655,298.1460357666016,298.2973175048828,299.3747253417969,301.4393005371094,302.9214630126953,307.21119384765626,308.23974853515625,2069-08-01
656,297.06719360351565,297.2940979003906,298.48045349121094,299.54754638671875,300.31195068359375,302.2110137939453,302.85279846191406,2069-09-01
657,294.55548400878905,294.7018585205078,295.1588134765625,296.1362609863281,296.8801574707031,297.9136444091797,298.1047259521484,2069-10-01
658,291.0813464355469,291.3690124511719,292.3335266113281,292.51776123046875,293.19944763183594,294.8869689941406,295.38681762695313,2069-11-01
659,289.3535949707031,289.5232238769531,290.1236877441406,290.24237060546875,291.12367248535156,292.33399353027346,292.5933367919922,2069-12-01
660,287.52628356933593,287.7040496826172,288.2473907470703,288.77789306640625,289.18614196777344,289.38861389160155,289.4103887939453,2070-01-01
661,286.87408142089845,287.1774139404297,288.1302185058594,288.5190124511719,289.2551574707031,290.3307678222656,290.6612219238281,2070-02-01
662,288.51772338867187,288.5561462402344,289.0413818359375,289.6116027832031,290.3195037841797,290.7347015380859,290.79176452636716,2070-03-01
663,289.67834228515625,289.93858642578124,290.8750915527344,291.06982421875,291.3732147216797,293.32647705078125,293.89454345703126,2070-04-01
664,292.9771551513672,293.0178558349609,293.1405334472656,293.15765380859375,293.95018005371094,297.0723419189453,298.0436431884766,2070-05-01
665,295.6994122314453,295.7755035400391,296.3123321533203,296.70721435546875,297.36631774902344,300.48984375,301.4644482421875,2070-06-01
666,298.4331866455078,298.5570465087891,299.058349609375,299.2611083984375,300.93157958984375,303.6970672607422,304.61109313964846,2070-07-01
667,299.4630352783203,299.55296936035154,300.30686950683594,301.3848876953125,302.7318420410156,307.0406494140625,308.23273925781245,2070-08-01
668,297.0717742919922,297.24803161621094,298.09385681152344,299.75433349609375,300.3716125488281,302.41358337402346,303.0744403076172,2070-09-01
669,294.9766357421875,294.993408203125,295.12208557128906,295.946044921875,296.2492218017578,297.13019104003905,297.4268438720703,2070-10-01
670,291.27794677734374,291.5562377929688,292.464111328125,292.5935974121094,293.5415344238281,293.7935272216797,293.86485778808594,2070-11-01
671,289.28283447265625,289.32335205078124,289.8896789550781,290.5865783691406,291.0078582763672,291.2594909667969,291.3268737792969,2070-12-01
672,287.6061431884766,287.8250274658203,288.55592346191406,289.4969482421875,290.08729553222656,290.99871826171875,291.21361083984374,2071-01-01
673,287.79745300292973,287.9366058349609,288.4574432373047,289.0819396972656,289.32472229003906,290.7344543457031,291.20084594726563,2071-02-01
674,288.61052368164064,288.6976379394531,289.02935791015625,290.17218017578125,291.1143341064453,292.2848602294922,292.4529437255859,2071-03-01
675,289.94763610839846,290.18031921386716,291.0260925292969,291.6812744140625,292.35118103027344,293.3322814941406,293.5723400878906,2071-04-01
676,292.9347424316406,293.0321105957031,293.32618713378906,293.4894104003906,294.3569641113281,295.9341278076172,296.4424652099609,2071-05-01
677,295.88680236816407,295.9364532470703,296.3178405761719,296.71142578125,297.55084228515625,300.5773895263672,301.3561517333984,2071-06-01
678,298.1137615966797,298.3421234130859,299.3067169189453,300.0044860839844,301.7562561035156,304.8659942626953,305.8168023681641,2071-07-01
679,298.2731842041016,298.5855255126953,299.5735626220703,300.7259826660156,303.2960662841797,306.56793518066405,307.05728820800783,2071-08-01
680,298.2373944091797,298.3260101318359,298.6122741699219,299.2103576660156,300.97723388671875,303.2342163085937,303.77147705078124,2071-09-01
681,294.63063110351567,294.8730041503906,295.67303466796875,295.8491516113281,297.05616760253906,298.734716796875,299.2218212890625,2071-10-01
682,291.4247821044922,291.42603454589846,291.62672424316406,292.41851806640625,292.75048828125,293.55755920410155,293.80858215332034,2071-11-01
683,288.6073638916016,288.6772003173828,289.2698211669922,289.9812316894531,290.52313232421875,291.49159851074216,291.74912536621093,2071-12-01
684,285.4206579589844,286.03663940429686,287.9822692871094,289.288330078125,289.65679931640625,289.8912322998047,289.9150140380859,2072-01-01
685,286.04614318847655,286.2641632080078,287.3786926269531,287.94610595703125,288.7326354980469,289.71343383789065,289.94988891601565,2072-02-01
686,288.67187438964845,288.7384002685547,289.1178741455078,290.5494689941406,290.7252197265625,291.48265380859374,291.72485107421875,2072-03-01
687,290.2672277832031,290.3081848144531,290.78855895996094,291.25372314453125,292.3561553955078,293.872021484375,294.02950683593747,2072-04-01
688,291.5337023925781,291.69451293945315,292.3547058105469,293.7597351074219,294.0843963623047,296.29730224609375,297.02935791015625,2072-05-01
689,294.6443591308594,294.8989196777344,295.6611785888672,296.0702819824219,297.3923034667969,299.7232208251953,300.47486877441406,2072-06-01
690,297.1751599121094,297.29962768554685,298.3321533203125,299.658203125,301.1114501953125,304.6222839355469,305.75709838867186,2072-07-01
691,298.7005364990234,299.1088836669922,300.32972717285156,300.69317626953125,302.11219787597656,306.4017303466797,307.497338256836,2072-08-01
692,297.966962890625,298.2648681640625,299.3684539794922,299.61651611328125,300.18408203125,303.2248016357422,304.1364398193359,2072-09-01
693,294.3680102539063,294.7892700195313,296.0516662597656,296.1856384277344,296.3753204345703,297.7491760253906,298.1936096191406,2072-10-01
694,289.75781005859375,290.35863037109374,292.21441650390625,292.5894775390625,293.65965270996094,293.95411376953126,294.01989990234375,2072-11-01
695,287.10336425781253,287.6291259765625,289.58758544921875,290.4552307128906,290.6741180419922,290.9154479980469,290.95164428710933,2072-12-01
696,285.9924890136719,286.5864685058594,288.46629333496094,288.8160095214844,289.7313690185547,290.7042572021484,290.7846990966797,2073-01-01
697,288.02550231933594,288.0882049560547,288.55120849609375,289.0810852050781,289.4591064453125,289.69489135742185,289.71339233398436,2073-02-01
698,287.99218505859375,288.0059692382813,288.43414306640625,289.75555419921875,290.60862731933594,291.5812042236328,291.66636291503903,2073-03-01
699,289.56565490722653,289.6376007080078,290.0262451171875,291.0347595214844,292.0496063232422,293.3017272949219,293.49977416992186,2073-04-01
700,292.0653076171875,292.2022705078125,292.7990417480469,293.25592041015625,293.4261474609375,296.6940948486328,297.77795471191405,2073-05-01
701,295.4549310302734,295.4838836669922,296.13543701171875,296.798095703125,297.03587341308594,299.58274841308594,300.3951141357422,2073-06-01
702,298.08210205078126,298.10350341796874,298.54779052734375,299.81341552734375,300.9888916015625,305.44457702636714,306.77250915527344,2073-07-01
703,298.93294921874997,299.0655029296875,300.01849365234375,301.8656921386719,303.41021728515625,307.13447265625,308.4102197265625,2073-08-01
704,297.4088024902344,297.41864624023435,298.61402893066406,299.9982604980469,300.6618347167969,303.96258544921875,304.93450927734375,2073-09-01
705,294.30602416992184,294.3765563964844,295.12953186035156,296.9129943847656,297.68113708496094,298.36884155273435,298.5743298339844,2073-10-01
706,291.8236926269531,291.90569458007815,292.33262634277344,292.7937316894531,294.3545837402344,294.8041015625,294.8348193359375,2073-11-01
707,288.54310241699216,288.66814880371095,289.34861755371094,290.2837829589844,291.05152893066406,291.8385467529297,292.09375915527346,2073-12-01
708,286.86692626953123,287.2746948242188,288.5916748046875,289.39471435546875,290.3416442871094,290.57538452148435,290.62428100585936,2074-01-01
709,287.45300231933595,287.7235076904297,288.9837951660156,289.5132751464844,290.2271423339844,291.1057983398438,291.3886889648437,2074-02-01
710,288.52346069335937,288.7153259277344,289.5378723144531,290.2138366699219,290.4507598876953,290.6986022949219,290.7214831542969,2074-03-01
711,290.729970703125,290.74189453125,290.8105773925781,291.3184814453125,291.73976135253906,292.67901306152345,292.9558465576172,2074-04-01
712,292.35882141113285,292.3879791259766,292.7620391845703,293.2633361816406,294.3739318847656,296.386865234375,297.00930664062497,2074-05-01
713,295.6207690429688,295.6244750976563,295.9652404785156,297.2574768066406,297.8323974609375,300.82647094726565,301.75652954101565,2074-06-01
714,297.85854797363277,297.91102600097656,298.6691131591797,300.1805114746094,301.24151611328125,305.0579315185547,306.1025042724609,2074-07-01
715,297.6953057861328,298.0846832275391,299.88751220703125,301.2646484375,303.48809814453125,307.3863800048828,308.49846740722654,2074-08-01
716,297.51244201660154,297.6006622314453,298.47666931152344,299.5360107421875,299.82777404785156,302.82643737792966,303.7880413818359,2074-09-01
717,294.60411560058594,294.8440643310547,295.6491394042969,296.48382568359375,297.0101318359375,298.223828125,298.54779296874995,2074-10-01
718,291.2737847900391,291.4936798095703,292.53172302246094,293.171142578125,293.70263671875,294.21881103515625,294.34193115234376,2074-11-01
719,287.8331982421875,288.193212890625,289.35845947265625,290.432373046875,291.08299255371094,292.0985504150391,292.25586730957036,2074-12-01
720,287.4880688476562,287.8860229492187,289.2311706542969,289.4178466796875,289.9687042236328,290.2424621582031,290.2426818847656,2075-01-01
721,287.04191467285153,287.16159973144534,288.17616271972656,289.2897644042969,289.37721252441406,289.8037109375,289.933056640625,2075-02-01
722,288.56103759765625,288.63367919921876,289.1548156738281,290.0292663574219,290.8957824707031,292.67383728027346,293.1214129638672,2075-03-01
723,289.8225561523438,290.07701416015624,290.89369201660156,291.19903564453125,292.10498046875,294.66774902343747,295.435283203125,2075-04-01
724,292.26416076660155,292.3276397705078,292.57875061035156,293.65576171875,293.86244201660156,297.0799926757812,298.13457763671875,2075-05-01
725,294.5082159423828,294.70001525878905,295.3808898925781,296.5064697265625,297.37559509277344,301.0669891357422,302.12536071777345,2075-06-01
726,298.0063732910156,298.4008850097656,299.65611267089844,299.8316955566406,301.15711975097656,304.46409606933594,305.2259246826172,2075-07-01
727,299.2867767333984,299.2987518310547,299.6784210205078,301.5779113769531,302.2253723144531,306.15944213867186,307.29255737304686,2075-08-01
728,296.8317779541016,297.1419219970703,298.3450469970703,298.7154541015625,299.6814422607422,302.3530303955078,303.07075256347656,2075-09-01
729,294.5799847412109,294.6858123779297,295.32032775878906,296.7643127441406,296.9247131347656,297.0954650878906,297.13571899414063,2075-10-01
730,292.3668200683594,292.4768005371094,292.810791015625,293.467041015625,293.7892761230469,293.9656921386719,293.9961901855469,2075-11-01
731,288.71797485351567,288.9747619628906,289.7245788574219,290.42095947265625,291.6895294189453,291.78209533691404,291.7953594970703,2075-12-01
732,286.0083306884766,286.7677276611328,289.0229949951172,289.0660095214844,289.56787109375,290.25196228027346,290.38899108886716,2076-01-01
733,288.4783172607422,288.62205505371094,289.13787841796875,289.42437744140625,289.7605743408203,290.5336120605469,290.7392907714844,2076-02-01
734,288.63043701171875,288.9046264648438,289.8070068359375,289.9836730957031,290.6975555419922,291.43146362304685,291.64808471679686,2076-03-01
735,290.18291381835934,290.46864624023436,291.3865051269531,292.3215637207031,292.8185577392578,293.6602325439453,293.9457672119141,2076-04-01
736,292.7341021728515,292.91355285644534,293.67076110839844,294.46539306640625,294.7753601074219,295.4336303710937,295.6314282226562,2076-05-01
737,295.7904052734375,295.8980712890625,296.7153625488281,297.3924255371094,297.89283752441406,301.1179168701172,302.12468200683594,2076-06-01
738,298.53268371582027,298.5508697509766,299.54002380371094,301.5480651855469,302.4298553466797,305.8195281982422,306.8205218505859,2076-07-01
739,298.4944262695313,298.7431274414063,300.3306884765625,301.9085693359375,303.1603546142578,306.80291748046875,307.8666870117188,2076-08-01
740,297.14717834472657,297.26970520019535,298.24627685546875,300.19244384765625,301.24256896972656,303.2880523681641,303.84708801269534,2076-09-01
741,294.9682873535156,295.0328430175781,295.9553527832031,296.7969055175781,297.3126220703125,297.9411224365234,298.0476971435547,2076-10-01
742,292.2113415527344,292.34906616210935,292.89599609375,293.42083740234375,293.71205139160156,294.74627380371095,295.0436151123047,2076-11-01
743,287.80354858398437,288.4189880371094,290.4508972167969,290.9844970703125,291.2988739013672,291.43268432617185,291.45821655273437,2076-12-01
744,288.48967834472654,288.6560333251953,289.25987243652344,289.5242614746094,289.7427673339844,290.39380798339846,290.5841571044922,2077-01-01
745,288.6275421142578,288.67921447753906,289.1184539794922,289.4945068359375,289.6943664550781,291.49352722167964,292.0793695068359,2077-02-01
746,288.7698876953125,289.136669921875,290.2500457763672,290.5035705566406,290.8367156982422,291.3718017578125,291.52982910156254,2077-03-01
747,289.8446325683594,289.94740600585936,290.5255584716797,290.9110412597656,292.37953186035156,294.9078094482422,295.62077087402344,2077-04-01
748,292.32927490234374,292.33680419921876,292.4272155761719,292.946044921875,294.1640625,297.8258331298828,299.02690979003904,2077-05-01
749,294.78176147460937,294.9659362792969,295.80528259277344,296.591796875,297.48448181152344,303.21502990722655,304.9253302001953,2077-06-01
750,297.6692224121094,298.1201599121094,299.6014099121094,300.2280578613281,301.16127014160156,305.85863037109374,307.3498999023438,2077-07-01
751,297.67762817382817,298.12507934570317,299.75994873046875,300.97882080078125,302.9329833984375,306.37919921875,307.5454931640625,2077-08-01
752,297.3500732421875,297.4783935546875,298.43333435058594,299.2514343261719,300.87451171875,303.13243408203124,303.48573974609377,2077-09-01
753,295.4776306152344,295.5962829589844,295.97540283203125,296.3165588378906,297.2247314453125,298.5275848388672,298.9159661865234,2077-10-01
754,291.8881427001953,291.9552398681641,292.7294006347656,293.7470397949219,293.8963165283203,294.51277465820317,294.6820959472656,2077-11-01
755,290.0837176513672,290.12122497558596,290.43980407714844,290.8241882324219,291.2418975830078,291.5108581542969,291.5149890136719,2077-12-01
756,287.81244079589845,288.0515838623047,289.1185607910156,289.6860656738281,290.2459411621094,290.6409057617187,290.73462646484376,2078-01-01
757,288.3104339599609,288.4884490966797,289.21990966796875,289.60894775390625,290.17803955078125,290.9294128417969,291.09830932617183,2078-02-01
758,288.9364727783203,288.96239318847654,289.0933380126953,289.6667785644531,290.6291809082031,291.91181030273435,292.2091442871094,2078-03-01
759,291.006083984375,291.01748046875,291.1719512939453,291.6084899902344,292.01783752441406,293.0286926269531,293.2349865722656,2078-04-01
760,292.5620611572266,292.60950012207036,292.7749481201172,292.8055725097656,294.2571563720703,296.7298522949219,297.52675659179687,2078-05-01
761,294.5437298583984,294.94179382324216,296.1636047363281,296.5994567871094,297.89942932128906,301.20068359375,301.9750732421875,2078-06-01
762,297.40080017089844,297.4755584716797,298.8381805419922,300.97442626953125,302.4302978515625,304.379443359375,304.8261328125,2078-07-01
763,298.5191290283203,298.72088928222655,300.19264221191406,301.364501953125,304.1660614013672,305.4892608642578,305.7585211181641,2078-08-01
764,298.30048889160156,298.3192169189453,298.6741638183594,300.37579345703125,301.7646026611328,303.1965637207031,303.5393371582031,2078-09-01
765,294.9141094970703,295.08739318847654,295.6016540527344,295.7268371582031,296.8838806152344,298.8469543457031,299.2546936035156,2078-10-01
766,291.9297686767578,291.9485260009766,292.34764099121094,293.26422119140625,293.7960968017578,294.7890991210937,295.12334716796875,2078-11-01
767,288.4832537841797,288.89063415527346,290.35511779785156,290.7198791503906,290.9309844970703,291.38719482421874,291.52128662109374,2078-12-01
768,286.59234436035155,287.2291778564453,289.14552307128906,289.2624816894531,289.56004333496094,290.50189514160155,290.7802374267578,2079-01-01
769,287.59162353515626,287.86644287109374,288.88873291015625,289.3712463378906,290.8053741455078,291.5020385742188,291.6212329101562,2079-02-01
770,288.93385620117186,289.0870056152344,289.78175354003906,290.4195556640625,291.26251220703125,292.85393981933595,293.22716003417963,2079-03-01
771,290.0301788330078,290.14674377441406,290.65797424316406,290.99249267578125,291.7489471435547,293.0136260986328,293.34698791503905,2079-04-01
772,292.40445312500003,292.4762451171875,293.09429931640625,293.8276672363281,294.0857849121094,296.5905059814453,297.44524963378905,2079-05-01
773,294.7254211425781,294.9324035644531,295.82167053222656,297.3926696777344,298.0577392578125,300.78041687011716,301.55818298339847,2079-06-01
774,297.2925018310547,297.33201599121094,298.35496520996094,299.4768981933594,301.2131042480469,304.2067810058594,305.0140124511719,2079-07-01
775,298.2897344970703,298.56561584472655,299.37188720703125,300.6639404296875,302.7663879394531,306.0326843261719,306.9586120605469,2079-08-01
776,298.85658081054686,298.87909545898435,299.0893249511719,299.4866027832031,300.29127502441406,303.7281768798828,304.83638244628906,2079-09-01
777,294.9844610595703,295.00787658691405,295.5457000732422,296.0271911621094,296.85496520996094,299.49884643554685,300.36593139648437,2079-10-01
778,291.2508782958985,291.5889862060547,292.58795166015625,293.42730712890625,293.9346618652344,294.4113433837891,294.45453430175786,2079-11-01
779,288.16317077636717,288.68365173339845,290.5638122558594,291.0285949707031,291.4893341064453,292.3861450195312,292.56475341796875,2079-12-01
780,287.0150451660156,287.0648498535156,288.125732421875,289.2330017089844,289.7704620361328,290.04192504882815,290.07762329101564,2080-01-01
781,288.54707702636716,288.7464935302734,289.4616394042969,290.2852783203125,290.3724365234375,290.4868438720703,290.5028619384766,2080-02-01
782,289.43494689941406,289.4758819580078,289.80213928222656,290.1770935058594,291.1647186279297,292.1130187988281,292.3611047363281,2080-03-01
783,290.4320385742188,290.4853881835938,290.65492248535156,291.3346252441406,293.01727294921875,294.9767822265625,295.6296337890625,2080-04-01
784,291.77253662109376,291.78138427734376,292.34796142578125,293.2421569824219,294.4324645996094,297.61780700683596,298.54987976074216,2080-05-01
785,295.0274578857422,295.1382659912109,295.5547790527344,296.08404541015625,298.4125671386719,300.86085815429686,301.66767944335936,2080-06-01
786,298.17688415527346,298.26491394042966,298.89610290527344,299.64825439453125,300.47865295410156,305.27910766601565,306.6741809082031,2080-07-01
787,298.9236730957031,298.9630920410156,299.937744140625,300.9102478027344,301.94195556640625,307.2949737548828,309.06429260253907,2080-08-01
788,297.65802124023435,297.7835144042969,298.2082214355469,299.0310974121094,299.5322570800781,302.23658142089846,303.0395281982422,2080-09-01
789,294.6020916748047,294.7946380615234,295.9894714355469,296.8571472167969,297.53594970703125,298.44545288085936,298.7326940917969,2080-10-01
790,291.43727600097657,291.50473937988284,292.47926330566406,293.449951171875,294.5532531738281,295.2242095947266,295.3276055908203,2080-11-01
791,288.2668756103515,288.7274444580078,290.16058349609375,290.2850646972656,291.2941436767578,292.605859375,292.9725390625,2080-12-01
792,288.34044860839845,288.4711639404297,289.1004180908203,289.6914978027344,291.0215606689453,291.15404052734374,291.19584716796874,2081-01-01
793,287.546015625,287.6017822265625,288.3374786376953,289.27862548828125,290.4923095703125,291.1470458984375,291.249306640625,2081-02-01
794,288.60104492187503,288.61374511718753,288.8347930908203,289.4384460449219,290.4092559814453,292.8752105712891,293.6645196533203,2081-03-01
795,290.2009753417969,290.2330261230469,290.7680358886719,291.3132019042969,291.4830780029297,294.32569580078126,295.28401123046876,2081-04-01
796,292.09031982421874,292.15960693359375,292.8504943847656,293.36639404296875,293.7301940917969,296.50138549804683,297.43128295898435,2081-05-01
797,294.9730548095703,295.1045318603516,295.52027893066406,296.5150146484375,297.3125762939453,300.12929077148436,300.90058959960936,2081-06-01
798,297.7456134033203,297.9145904541016,298.75440979003906,299.4338073730469,301.03529357910156,305.6451171875,306.8709423828125,2081-07-01
799,298.2170123291016,298.55796203613284,300.0962371826172,301.06512451171875,302.7548370361328,306.5898834228516,307.6110919189453,2081-08-01
800,297.21539184570315,297.51397094726565,298.41346740722656,299.12420654296875,300.14134216308594,301.7148040771484,302.2371746826172,2081-09-01
801,294.8066479492187,294.8982299804687,295.2798767089844,296.0982666015625,296.49041748046875,297.1247528076172,297.2203118896484,2081-10-01
802,289.4776055908203,289.9266021728516,291.5117645263672,291.9398498535156,293.4267883300781,293.56959533691406,293.5770294189453,2081-11-01
803,288.8715728759766,289.0517120361328,289.5796813964844,290.968505859375,291.28997802734375,292.1655792236328,292.40669982910157,2081-12-01
804,288.46470153808593,288.54335632324216,288.7992706298828,289.08367919921875,289.8930206298828,290.6849884033203,290.70015686035157,2082-01-01
805,287.18231689453125,287.2924438476563,287.79669189453125,289.28668212890625,290.19854736328125,291.7536926269531,292.05889282226565,2082-02-01
806,288.17047912597656,288.43576965332034,289.3817901611328,290.0462341308594,291.2817077636719,292.56337280273436,292.76514038085935,2082-03-01
807,289.7499731445313,289.81773681640624,290.5502471923828,291.0908508300781,291.76661682128906,294.0843048095703,294.84913635253906,2082-04-01
808,291.82293334960934,292.1539733886719,293.1731414794922,293.45635986328125,294.0047302246094,296.9567810058594,297.88654663085936,2082-05-01
809,294.90256469726563,294.9674133300781,295.4788818359375,296.36688232421875,297.40704345703125,301.06374816894527,302.17773986816405,2082-06-01
810,298.05535400390625,298.1503051757813,298.92738342285156,299.9599304199219,302.07847595214844,305.91444702148436,306.81120971679684,2082-07-01
811,299.03809143066405,299.0384796142578,299.251220703125,300.85198974609375,303.5405578613281,306.40671691894534,306.7546099853516,2082-08-01
812,297.36402465820316,297.37578735351565,298.66607666015625,300.4423522949219,300.842529296875,302.4125701904297,302.8312445068359,2082-09-01
813,294.62811950683596,294.7404510498047,295.2640380859375,295.756591796875,297.3705291748047,298.11656799316404,298.17209289550783,2082-10-01
814,292.1264044189453,292.21551818847655,292.6830291748047,293.1774597167969,293.91656494140625,294.60752258300784,294.6823687744141,2082-11-01
815,288.68451171874995,288.9343994140625,289.8160705566406,290.1558837890625,290.94593811035156,291.66216735839845,291.9021600341797,2082-12-01
816,286.9981439208984,287.4046600341797,288.73435974121094,289.3935546875,290.4824676513672,290.90671691894534,290.9685992431641,2083-01-01
817,287.5195043945313,287.55430908203124,287.8340759277344,288.4969787597656,290.2430419921875,290.76329650878904,290.7742901611328,2083-02-01
818,287.95225036621093,288.24733581542966,289.1708526611328,289.6070556640625,290.8240509033203,292.2688781738281,292.39432739257813,2083-03-01
819,289.23882568359375,289.7014526367187,291.2911682128906,291.88348388671875,292.68157958984375,294.26262817382815,294.54581176757813,2083-04-01
820,291.64213134765623,291.8538452148438,292.86827087402344,293.3524475097656,293.61778259277344,295.39650573730466,295.9970989990234,2083-05-01
821,295.7283129882813,295.8470092773438,296.2691955566406,296.6297302246094,297.0755920410156,300.3537567138672,301.3715814208984,2083-06-01
822,297.9027227783203,297.9712554931641,298.2906951904297,299.3826599121094,301.12962341308594,304.86338195800784,305.78930236816404,2083-07-01
823,298.70169555664063,298.82720336914065,299.3071746826172,300.6673889160156,302.5815124511719,305.54419860839846,306.1158465576172,2083-08-01
824,296.92077026367184,297.0674743652344,298.05052185058594,299.7692565917969,300.64137268066406,302.03765258789065,302.3797229003906,2083-09-01
825,292.99061889648436,293.4945983886719,295.4753112792969,296.2490234375,297.0196838378906,297.1442443847656,297.1531652832031,2083-10-01
826,289.69496276855466,290.0993255615234,291.46580505371094,292.1044921875,293.0213928222656,293.4054016113281,293.4630871582031,2083-11-01
827,287.8908728027344,288.20216674804686,289.71820068359375,290.7567138671875,291.05963134765625,291.98752746582034,292.30070373535153,2083-12-01
828,287.63815734863283,287.83751525878904,288.7937927246094,289.2465515136719,290.0034484863281,290.3467590332031,290.44444946289065,2084-01-01
829,287.433676147461,287.8210906982422,289.0182647705078,289.2082214355469,289.4895935058594,290.3513458251953,290.61616760253906,2084-02-01
830,288.3341705322266,288.4578399658203,288.95152282714844,289.477783203125,289.6848602294922,290.8356475830078,291.1794830322266,2084-03-01
831,289.2783068847656,289.53045043945315,290.8918151855469,291.72021484375,292.10105895996094,292.5286102294922,292.5462249755859,2084-04-01
832,291.81370178222653,291.8219268798828,292.1394348144531,292.63018798828125,293.95289611816406,296.0320861816406,296.6672570800781,2084-05-01
833,295.2951696777344,295.29994506835936,295.5890808105469,295.9075012207031,297.6435241699219,300.5275177001953,301.2657330322266,2084-06-01
834,298.23795043945313,298.39495239257815,298.9240264892578,299.8340148925781,302.0814514160156,306.3605438232422,307.56602966308594,2084-07-01
835,299.0186767578125,299.097412109375,299.5454406738281,300.4933166503906,302.1517639160156,305.9246002197266,306.7249102783203,2084-08-01
836,298.0998236083984,298.1515838623047,298.4049072265625,298.63995361328125,299.7682647705078,301.76633911132814,302.1737268066406,2084-09-01
837,295.5657116699219,295.62323608398435,295.8334655761719,295.9866638183594,297.2994384765625,298.0386077880859,298.2039373779297,2084-10-01
838,291.4878173828125,291.5931396484375,292.04957580566406,292.4823913574219,293.45379638671875,294.6434265136719,294.7194079589844,2084-11-01
839,289.97814147949214,290.0153411865234,290.2243194580078,290.3482666015625,291.0997619628906,291.1405853271485,291.1418377685547,2084-12-01
840,288.65351135253906,288.65952453613284,288.76133728027344,289.27789306640625,289.7982482910156,290.25486145019534,290.39452697753904,2085-01-01
841,286.2392974853516,286.5264434814453,287.91883850097656,288.48114013671875,289.8546905517578,291.23801879882814,291.3561730957031,2085-02-01
842,288.3057196044922,288.6389495849609,289.6329650878906,289.7893371582031,290.9107666015625,292.16614990234376,292.29587646484373,2085-03-01
843,289.4186566162109,289.51650085449216,290.65110778808594,291.765380859375,292.43531799316406,293.8303924560547,294.0843157958984,2085-04-01
844,291.36859741210935,291.6672058105469,293.35435485839844,294.5201110839844,295.0289001464844,296.73133544921876,297.28081298828124,2085-05-01
845,294.7882598876953,295.38844299316406,297.2447509765625,297.4214782714844,298.4347686767578,301.2691314697266,302.2205987548828,2085-06-01
846,298.8312750244141,298.8385040283203,299.4370574951172,300.32952880859375,300.90357971191406,304.07109985351565,305.08963500976563,2085-07-01
847,297.986689453125,298.5104736328125,300.17164611816406,301.8965148925781,303.2323455810547,305.5097198486328,305.87743225097654,2085-08-01
848,296.7683660888672,297.2689544677735,298.7822723388672,298.885986328125,300.953369140625,303.0267303466797,303.5019769287109,2085-09-01
849,293.8449407958984,294.0072967529297,295.3110809326172,296.9424743652344,297.6175079345703,298.30047912597655,298.4838995361328,2085-10-01
850,290.3600769042969,290.7449645996094,292.38267517089844,293.4153747558594,294.6555480957031,295.75422363281245,295.818837890625,2085-11-01
851,288.1959387207031,288.5412170410156,290.2401123046875,291.2482604980469,291.3376007080078,291.8177093505859,291.9676434326172,2085-12-01
852,287.02275817871094,287.35768737792966,289.1176300048828,290.04083251953125,290.47637939453125,290.75255432128904,290.7817852783203,2086-01-01
853,287.5848986816406,287.64873657226565,288.28363037109375,289.36798095703125,290.0284881591797,290.39848632812505,290.452890625,2086-02-01
854,288.114775390625,288.221826171875,288.9636688232422,290.5483093261719,290.78675842285156,291.55505676269536,291.8134771728516,2086-03-01
855,289.35617187500003,289.805029296875,291.34814453125,292.5528259277344,292.8299560546875,294.0959045410156,294.49747680664063,2086-04-01
856,292.03472534179684,292.2233093261719,292.9844207763672,293.7962951660156,294.3048553466797,295.5780395507812,295.94129150390626,2086-05-01
857,295.94306640625,295.95947265625,296.45245361328125,297.5926513671875,297.99896240234375,300.70087890625,301.6253564453125,2086-06-01
858,298.1259973144531,298.24448852539064,299.13841247558594,299.86065673828125,301.4893341064453,304.61757202148436,305.41670288085936,2086-07-01
859,298.50946228027345,298.7383514404297,299.83766174316406,301.9901428222656,303.7974548339844,306.8253448486328,307.27869201660155,2086-08-01
860,297.6139862060547,297.69554138183594,298.23402404785156,299.8436279296875,302.1536407470703,302.8047302246094,302.98858276367184,2086-09-01
861,294.86267028808595,294.9951141357422,295.60450744628906,296.9256591796875,297.88494873046875,298.1012725830078,298.169351196289,2086-10-01
862,290.7505285644531,291.3238098144531,293.1601257324219,293.5023498535156,295.07208251953125,295.4358612060547,295.4620013427734,2086-11-01
863,288.0223583984375,288.7411865234375,290.90679931640625,291.0728454589844,291.8077850341797,292.90708923339844,293.16896667480466,2086-12-01
864,288.28249084472657,288.61545715332034,289.6101379394531,289.879638671875,290.10736083984375,290.5855010986328,290.6872418212891,2087-01-01
865,289.19453552246097,289.2026580810547,289.2480773925781,289.4336242675781,289.7873840332031,290.4031280517578,290.5327008056641,2087-02-01
866,289.03509887695316,289.2511779785156,290.1556091308594,290.5709533691406,290.967529296875,293.0119354248047,293.6197210693359,2087-03-01
867,290.8251257324219,290.97938842773436,291.466552734375,292.14874267578125,292.3457336425781,294.8379211425781,295.62717895507814,2087-04-01
868,293.33363952636716,293.44493103027344,293.7848663330078,294.1522521972656,294.40965270996094,297.3179229736328,298.238071899414,2087-05-01
869,295.5647674560547,295.76585388183594,296.4360656738281,296.5709228515625,298.4315185546875,302.88349609375,304.400576171875,2087-06-01
870,298.6353332519531,298.8716125488281,299.64190673828125,301.1446533203125,302.8562927246094,306.53785095214846,307.4383563232422,2087-07-01
871,298.8136004638672,299.17432556152346,300.53887939453125,301.9112854003906,303.25245666503906,307.6757171630859,308.9399285888672,2087-08-01
872,297.7801190185547,298.1192230224609,299.2560272216797,299.6051025390625,300.7256622314453,303.7887878417969,304.6190612792969,2087-09-01
873,295.316196899414,295.4122833251953,296.10791015625,296.8247985839844,297.47471618652344,297.71544189453124,297.7286108398438,2087-10-01
874,290.8662268066406,291.2788879394531,292.64598083496094,293.5521545410156,294.5130920410156,294.927734375,295.01357421875,2087-11-01
875,289.2763409423828,289.4822906494141,290.12449645996094,291.1313781738281,291.6425476074219,292.2931274414062,292.49275634765627,2087-12-01
876,288.7014227294922,288.8111907958984,289.2080841064453,290.2822265625,290.4710693359375,291.7096405029297,292.0988861083984,2088-01-01
877,288.7193933105469,288.7451599121094,288.89854431152344,289.17510986328125,289.77508544921875,290.6151397705078,290.7246148681641,2088-02-01
878,289.0339031982422,289.1357025146484,289.8585205078125,290.6937561035156,291.20091247558594,292.0834991455078,292.26545471191406,2088-03-01
879,290.5306701660156,290.5969543457031,290.8490447998047,291.65740966796875,293.2711944580078,294.4130035400391,294.6749102783203,2088-04-01
880,292.8582525634766,293.0295440673828,293.556640625,293.8507385253906,294.67083740234375,297.38832397460936,298.1167761230469,2088-05-01
881,296.2000164794922,296.2353118896484,296.4181213378906,297.5456848144531,298.5335388183594,301.5938262939453,302.4858795166016,2088-06-01
882,298.87591857910155,298.9032745361328,299.07261657714844,300.0057067871094,301.464599609375,304.45166015625,305.22854003906247,2088-07-01
883,299.97222717285155,300.0553497314453,300.37054443359375,301.134765625,302.91380310058594,306.9566314697266,308.0456475830078,2088-08-01
884,297.9743414306641,298.0848419189453,298.6966247558594,299.51873779296875,300.3921813964844,302.42676696777346,302.9639178466797,2088-09-01
885,293.8409075927735,294.4713836669922,296.3893127441406,296.549072265625,296.7180480957031,297.42347717285156,297.6526153564453,2088-10-01
886,290.18718688964844,290.83669128417966,292.9164581298828,294.5809631347656,294.8681182861328,295.1625244140625,295.2326025390625,2088-11-01
887,289.7483123779297,289.78599548339844,290.1072540283203,290.4225158691406,291.7651062011719,292.0395843505859,292.0764471435547,2088-12-01
888,288.7436840820313,288.8944458007812,289.4950714111328,290.2517395019531,290.8570251464844,291.54498291015625,291.77833251953126,2089-01-01
889,288.39045104980465,288.40367126464844,288.57586669921875,289.4441833496094,290.27574157714844,290.4937438964844,290.53937377929685,2089-02-01
890,288.95869201660156,289.1143829345703,289.6253204345703,290.30853271484375,290.4435119628906,292.56293029785155,293.24351867675784,2089-03-01
891,290.84692016601565,290.92490844726564,291.15966796875,291.3880615234375,292.0674591064453,293.6862274169922,294.1843402099609,2089-04-01
892,292.3296942138672,292.4582855224609,293.1341552734375,293.6647033691406,294.5098876953125,297.30455322265624,298.21757568359374,2089-05-01
893,294.924780883789,295.3015167236328,296.4247741699219,296.9967956542969,298.42503356933594,302.4112091064453,303.64977111816404,2089-06-01
894,296.7472314453125,297.2638671875,299.3180236816406,300.15386962890625,301.5041046142578,305.80276184082027,307.0285943603516,2089-07-01
895,298.7349249267578,299.0884429931641,300.53515625,301.7879943847656,303.4357147216797,307.05345153808594,307.94294128417965,2089-08-01
896,296.8440734863281,297.2411193847656,298.6632995605469,299.59259033203125,300.60589599609375,304.0871643066406,305.2272961425781,2089-09-01
897,294.9254168701172,295.04187927246096,295.61289978027344,297.20703125,297.8375244140625,298.6621063232422,298.7646234130859,2089-10-01
898,291.74225769042965,291.88108825683594,293.00701904296875,293.7407531738281,294.09999084472656,295.56220703124995,295.9713525390625,2089-11-01
899,288.52844970703126,288.9910034179687,290.36021423339844,290.6539306640625,290.8651123046875,291.7087432861328,291.9376470947266,2089-12-01
900,288.0866827392578,288.43280334472655,289.53515625,290.2524719238281,290.7298889160156,291.3481811523437,291.4552319335937,2090-01-01
901,288.8298419189453,288.9145904541016,289.21949768066406,290.0856018066406,290.8723602294922,291.44818115234375,291.6339233398437,2090-02-01
902,288.52942626953126,288.6796020507812,289.38685607910156,290.5069274902344,291.1028137207031,292.39772644042966,292.7649700927734,2090-03-01
903,290.4327758789063,290.46954345703125,290.6461639404297,290.773193359375,292.3236083984375,294.6439666748047,295.18724060058594,2090-04-01
904,292.44958984374995,292.6047607421875,293.1046600341797,293.3817138671875,294.3699035644531,298.82854614257815,300.32410766601566,2090-05-01
905,295.32982421875,295.39375,296.2081298828125,296.9498291015625,297.0224151611328,301.74432373046875,303.34862060546874,2090-06-01
906,298.15154357910154,298.1933868408203,298.67994689941406,299.5674743652344,301.63221740722656,305.7530181884766,307.0417657470703,2090-07-01
907,298.80439575195317,299.2696594238281,300.7231140136719,300.8873291015625,302.8896942138672,306.21692810058596,307.1345721435547,2090-08-01
908,297.25548767089845,297.6062957763672,298.81605529785156,299.1026916503906,300.776123046875,302.84503479003905,303.54825500488283,2090-09-01
909,294.96453857421875,295.22125244140625,296.2124938964844,296.57305908203125,297.2234191894531,297.7531677246094,297.8470935058594,2090-10-01
910,291.52674255371096,291.9695281982422,293.3905944824219,293.8183288574219,294.31529235839844,294.42530822753906,294.4361846923828,2090-11-01
911,289.03952148437503,289.35471191406253,290.6593017578125,291.1956787109375,291.4892272949219,291.9366973876953,292.02789123535155,2090-12-01
912,286.79912536621094,287.18752136230466,288.8394012451172,289.69287109375,290.3504943847656,290.4423461914063,290.44288818359377,2091-01-01
913,287.4623773193359,287.6748016357422,288.4257507324219,289.7784729003906,289.8212127685547,290.0042724609375,290.05356445312503,2091-02-01
914,288.38212951660154,288.48596496582036,289.53160095214844,290.571044921875,291.1849822998047,293.1784301757812,293.7144458007813,2091-03-01
915,289.80574401855466,290.148715209961,291.19512939453125,292.3196716308594,292.4111022949219,294.66669006347655,295.4148809814453,2091-04-01
916,292.87302062988283,292.90868225097654,293.1523895263672,293.9676208496094,294.4861145019531,297.30023803710935,298.1287976074219,2091-05-01
917,295.7347186279297,295.86817321777346,296.45774841308594,296.85675048828125,298.2068328857422,300.84150390625,301.3890771484375,2091-06-01
918,298.4440667724609,298.4814422607422,298.8976135253906,300.2213134765625,302.1514129638672,305.70981140136723,306.5578314208984,2091-07-01
919,299.52678222656255,299.684326171875,300.7618103027344,301.4149169921875,303.27027893066406,306.77044067382815,307.47220336914063,2091-08-01
920,298.1523992919922,298.3402435302734,299.38267517089844,300.1444396972656,301.22569274902344,302.6070953369141,302.88672668457036,2091-09-01
921,293.8933013916016,293.9617462158203,295.3955841064453,297.095703125,297.9524688720703,299.02777404785155,299.3576055908203,2091-10-01
922,291.7542205810547,291.76487731933594,292.7105712890625,293.98858642578125,294.0836181640625,294.32908630371094,294.4015594482422,2091-11-01
923,289.1484735107422,289.61468200683595,290.99224853515625,291.063232421875,291.9409942626953,292.18834228515624,292.23461669921875,2091-12-01
924,287.72611328125,288.060009765625,289.1094512939453,289.4741516113281,290.6141815185547,291.56666259765626,291.63596435546873,2092-01-01
925,288.5859417724609,288.61427917480466,288.7019958496094,288.9587097167969,290.98585510253906,292.42738037109376,292.8127221679688,2092-02-01
926,288.10595153808595,288.4465057373047,289.6248016357422,290.2775573730469,291.0373229980469,291.4737731933594,291.4813024902344,2092-03-01
927,290.5912780761719,290.6634216308594,291.0933532714844,291.8027038574219,292.2612762451172,292.9569061279297,293.0706292724609,2092-04-01
928,293.132534790039,293.2223663330078,293.529296875,293.6056213378906,294.0701599121094,297.48297729492185,298.5520642089844,2092-05-01
929,295.13344909667967,295.18128356933596,296.02293395996094,296.82373046875,297.1646270751953,300.2116973876953,301.16631408691404,2092-06-01
930,297.6347991943359,297.8115692138672,298.89044189453125,300.0012512207031,301.8656005859375,303.97532958984374,304.22902587890627,2092-07-01
931,298.6399768066406,299.02849731445315,300.45867919921875,301.15692138671875,303.1199188232422,306.4317504882813,307.2892553710937,2092-08-01
932,297.90955139160155,298.1571319580078,299.2622985839844,299.92852783203125,300.89756774902344,304.6279083251953,305.6138140869141,2092-09-01
933,294.7220654296875,294.87802734375003,296.0713348388672,296.9425354003906,297.26588439941406,298.296841430664,298.6071466064453,2092-10-01
934,290.8139892578125,291.302734375,292.79461669921875,293.3761901855469,294.2272491455078,294.9004333496094,295.09505249023437,2092-11-01
935,288.2658654785156,288.70200805664064,290.14794921875,290.4165954589844,291.61793518066406,291.8235382080078,291.8896832275391,2092-12-01
936,287.31871032714844,287.6158905029297,288.5427703857422,288.60394287109375,288.8617401123047,290.506787109375,291.00880371093746,2093-01-01
937,287.0475018310547,287.3123382568359,288.24095153808594,288.593017578125,289.55169677734375,290.97461853027346,291.16225769042967,2093-02-01
938,288.39233032226565,288.44175415039064,288.73802185058594,290.1347961425781,290.4217529296875,291.45827026367186,291.7384069824219,2093-03-01
939,290.0488739013672,290.07505798339844,290.2129211425781,290.6474609375,292.3935546875,292.8541748046875,292.9132666015625,2093-04-01
940,292.4436602783203,292.5193267822266,292.8152618408203,293.2899475097656,294.1197509765625,296.0481781005859,296.4968670654297,2093-05-01
941,295.5641296386719,295.6351013183594,296.0431671142578,296.87298583984375,297.20172119140625,300.7306213378906,301.9257873535156,2093-06-01
942,297.9010467529297,298.13706970214844,299.2765197753906,300.5228576660156,301.01255798339844,305.19700317382814,306.6303674316406,2093-07-01
943,298.5027282714844,298.6619567871094,300.0264892578125,301.5222473144531,302.4998474121094,305.4953887939453,306.2982476806641,2093-08-01
944,297.26029418945313,297.39522094726567,298.07281494140625,299.43597412109375,300.91595458984375,303.1333251953125,303.8675341796875,2093-09-01
945,294.7865606689453,295.03058166503905,295.7926940917969,295.85015869140625,297.4921569824219,298.0826080322266,298.2664239501953,2093-10-01
946,292.56016540527344,292.6193084716797,292.83624267578125,293.0716552734375,294.4449005126953,294.89416809082036,295.03071350097656,2093-11-01
947,289.6998303222656,289.8586486816406,290.43040466308594,290.8057861328125,291.3123321533203,292.2178955078125,292.36672363281247,2093-12-01
948,286.8338464355469,287.3755310058594,289.0924072265625,289.8262023925781,291.05609130859375,291.35081481933594,291.3990447998047,2094-01-01
949,287.76428771972655,288.0199249267578,288.8182373046875,289.4588928222656,290.41217041015625,290.91865234375,291.01541992187504,2094-02-01
950,289.0796453857422,289.1601898193359,289.5086975097656,290.2417297363281,290.97569274902344,291.4169097900391,291.51065246582027,2094-03-01
951,290.72590393066406,290.8552276611328,291.3502502441406,291.49554443359375,292.0827941894531,294.7113311767578,295.5790826416016,2094-04-01
952,292.79357543945315,292.96824340820314,293.5503692626953,293.7581787109375,294.5442352294922,297.17467041015624,297.9631079101562,2094-05-01
953,296.2620147705078,296.26307678222656,296.35137939453125,296.7042236328125,297.6333312988281,301.4328857421875,302.4670947265625,2094-06-01
954,298.7937390136718,298.97504272460935,299.9972381591797,300.7845764160156,302.41627502441406,305.8877471923828,306.79786193847656,2094-07-01
955,299.32474548339843,299.4208465576172,299.8090057373047,301.4864196777344,303.7156677246094,306.68353271484375,307.4996704101562,2094-08-01
956,298.33991943359376,298.42384033203126,298.9952850341797,299.4361877441406,300.77101135253906,304.3387420654297,305.3708489990234,2094-09-01
957,295.50549743652346,295.67153015136716,296.2049865722656,296.72967529296875,297.0871887207031,298.80966796875,299.295966796875,2094-10-01
958,292.6978936767578,292.7901275634766,293.1668701171875,293.4159240722656,294.28302001953125,295.0600891113281,295.1409484863281,2094-11-01
959,289.92314086914064,290.16123657226564,291.0423278808594,291.7708740234375,291.89915466308594,292.4689270019531,292.62650024414063,2094-12-01
960,288.08080200195315,288.2075988769531,288.9762268066406,289.8011779785156,289.9701232910156,290.3909820556641,290.52341125488283,2095-01-01
961,288.4415014648438,288.46348876953124,289.11228942871094,289.8277282714844,290.49005126953125,291.7348358154297,291.96439880371094,2095-02-01
962,288.8394451904297,288.9672454833984,289.53424072265625,290.4715270996094,291.0779571533203,291.611962890625,291.71848632812504,2095-03-01
963,290.5619958496094,290.5975769042969,290.9667205810547,291.60784912109375,292.4683837890625,294.1442138671875,294.4300634765625,2095-04-01
964,292.3197894287109,292.3635955810547,292.98951721191406,293.6987609863281,294.38360595703125,296.77452392578124,297.5412817382812,2095-05-01
965,295.3935968017578,295.5032623291016,296.339111328125,297.0677490234375,297.72230529785156,302.17719726562495,303.6987451171875,2095-06-01
966,297.68751281738287,297.9212066650391,299.2738494873047,301.21270751953125,301.7247009277344,305.83351745605466,307.07768981933594,2095-07-01
967,298.9137817382813,299.31390380859375,300.6954040527344,301.3662109375,303.6141662597656,306.77923278808595,307.1337762451172,2095-08-01
968,296.7051416015625,296.965283203125,298.46995544433594,300.0935974121094,300.9930114746094,303.34002685546875,303.86737060546875,2095-09-01
969,294.65087219238285,294.7600982666016,296.02659606933594,297.25958251953125,297.2888946533203,297.5019287109375,297.5744091796875,2095-10-01
970,292.4260632324219,292.50775756835935,292.87428283691406,293.9180603027344,294.5738983154297,295.48875732421874,295.70905517578126,2095-11-01
971,289.01728759765626,289.09791259765626,289.7917175292969,290.4986267089844,291.49913024902344,292.32268981933595,292.3585565185547,2095-12-01
972,289.3971740722656,289.4060363769531,289.4326477050781,289.47637939453125,289.6057586669922,291.1694732666016,291.69102355957034,2096-01-01
973,288.5691162109375,288.698974609375,289.2823486328125,289.91314697265625,290.3057556152344,290.45567016601564,290.46857543945316,2096-02-01
974,288.94568908691406,289.1774200439453,290.24290466308594,290.702880859375,291.4009094238281,291.94769592285155,292.0741339111328,2096-03-01
975,290.45518493652344,290.4703826904297,290.68829345703125,291.15740966796875,292.7242126464844,293.6504730224609,293.9424237060547,2096-04-01
976,292.4411248779297,292.74407653808595,293.7159118652344,294.22845458984375,294.7869415283203,297.2079193115234,297.95545104980465,2096-05-01
977,294.7037030029297,295.1050628662109,296.5016326904297,297.0528259277344,297.8560028076172,300.84087524414065,301.77393676757816,2096-06-01
978,296.6851745605469,297.1479187011719,299.12449645996094,300.1321105957031,301.5666046142578,305.0427185058594,305.9521960449219,2096-07-01
979,299.23593750000003,299.2950439453125,300.29627990722656,301.5924377441406,303.2412872314453,306.3685272216797,307.32922302246095,2096-08-01
980,297.1993109130859,297.25876159667973,298.4095458984375,299.90313720703125,300.44122314453125,303.2841400146484,304.1770428466797,2096-09-01
981,294.45786682128903,294.6393096923828,295.20396423339844,295.4073181152344,298.4243621826172,298.8601837158203,298.92064514160154,2096-10-01
982,291.45989318847654,291.5339630126953,292.0962371826172,292.5980224609375,294.0392761230469,294.53672485351564,294.53864379882816,2096-11-01
983,287.90582275390625,288.53240966796875,290.5187530517578,290.9878845214844,291.71937561035156,291.7846435546875,291.79669921874995,2096-12-01
984,287.38133361816404,287.6432403564453,288.8515319824219,289.6029052734375,290.20591735839844,291.3596466064453,291.5491021728516,2097-01-01
985,287.3511584472656,287.57598266601565,288.42588806152344,289.03448486328125,289.9375762939453,290.13604736328125,290.17332763671874,2097-02-01
986,288.70069396972656,288.7324737548828,288.96429443359375,289.1930847167969,290.12623596191406,292.1715087890625,292.81494140625,2097-03-01
987,289.8571984863281,290.01157836914064,290.6621398925781,291.5125732421875,292.0860595703125,293.5343475341797,293.939779663086,2097-04-01
988,292.40629516601564,292.43162231445314,292.66241455078125,292.8577880859375,294.19529724121094,295.7984893798828,296.23704162597653,2097-05-01
989,295.63866760253904,295.66745910644534,296.09486389160156,296.4595031738281,296.79052734375,300.75567932128905,302.0720098876953,2097-06-01
990,299.06714599609376,299.2195190429687,299.6898193359375,300.0682373046875,300.6555633544922,306.09791564941406,307.7808380126953,2097-07-01
991,299.73524963378907,299.94480285644534,300.7933654785156,301.08172607421875,302.77781677246094,307.05059814453125,308.20965576171875,2097-08-01
992,297.97200561523437,298.3054626464844,299.3650360107422,299.9002990722656,300.2493591308594,302.19939880371095,302.8524041748047,2097-09-01
993,295.49004150390624,295.74952392578126,296.55224609375,296.8418884277344,297.95506286621094,299.3329284667969,299.6449548339844,2097-10-01
994,291.3219598388672,291.53130798339845,292.5682678222656,293.2486267089844,293.8861999511719,294.5129028320313,294.57716552734377,2097-11-01
995,289.40281982421874,289.42852783203125,289.7092590332031,290.4254455566406,290.81861877441406,292.2920349121094,292.76160522460935,2097-12-01
996,289.0441522216797,289.09331970214845,289.48907470703125,289.8542785644531,290.3503875732422,290.9980895996094,291.2105798339844,2098-01-01
997,288.67722290039063,288.8544982910156,289.38743591308594,290.0842590332031,290.7987518310547,291.12864379882814,291.1759729003906,2098-02-01
998,289.77928894042964,289.7831634521484,289.8412780761719,290.4638671875,291.4647674560547,293.9704986572265,294.64922668457035,2098-03-01
999,290.419345703125,290.420458984375,290.5693664550781,291.0032653808594,293.14739990234375,294.40013122558594,294.5950653076172,2098-04-01
1000,292.82482666015625,292.8594848632813,293.1704559326172,293.7683410644531,295.50819396972656,296.8378479003906,297.19327758789063,2098-05-01
1001,294.9919757080078,295.1245513916016,296.1516571044922,296.9310607910156,299.2066650390625,302.74302368164064,303.5546350097656,2098-06-01
1002,298.08067321777344,298.0867156982422,298.9938201904297,300.49127197265625,302.2938232421875,305.5271057128906,306.0644543457031,2098-07-01
1003,299.2170745849609,299.2850799560547,299.82762145996094,302.1014404296875,304.4132843017578,306.32578430175784,306.59106018066404,2098-08-01
1004,298.2801824951172,298.3030120849609,298.79197692871094,299.2522888183594,300.8734130859375,302.6207580566406,303.1589416503906,2098-09-01
1005,295.66719177246097,295.70131530761716,296.2781677246094,296.8540344238281,297.8336181640625,298.68829650878905,298.84293273925783,2098-10-01
1006,290.5352532958984,291.0644500732422,292.8678283691406,293.1917724609375,294.0712585449219,294.30442810058594,294.3351531982422,2098-11-01
1007,288.5348370361328,288.84435119628904,290.3133239746094,290.9855041503906,291.7731018066406,292.2730407714844,292.29420776367186,2098-12-01
1008,287.56171752929686,287.8785339355469,289.0172882080078,289.3758850097656,290.34239196777344,291.56223754882814,291.78747192382815,2099-01-01
1009,287.5364752197265,287.8037139892578,288.61537170410156,289.06341552734375,290.4713592529297,290.95289306640626,291.08174072265626,2099-02-01
1010,288.69324096679685,288.7811462402344,289.1141357421875,289.5496520996094,290.6255187988281,291.56822204589844,291.6457489013672,2099-03-01
1011,290.018892211914,290.15805969238284,290.6634521484375,291.36572265625,291.9112548828125,292.8839813232422,293.13197204589846,2099-04-01
1012,292.9991027832031,293.0998840332031,293.44459533691406,293.51788330078125,294.5188446044922,296.00220642089846,296.27920104980467,2099-05-01
1013,295.6466918945313,295.73516845703125,296.07691955566406,296.39105224609375,297.06626892089844,300.6047027587891,301.7307794189453,2099-06-01
1014,298.67862304687503,298.81486816406255,299.53184509277344,300.47125244140625,302.36631774902344,305.0935546875,305.94,2099-07-01
1015,298.8008721923828,298.9490631103516,299.91363525390625,301.6355895996094,303.2674560546875,306.5830963134765,307.40426574707027,2099-08-01
1016,296.8676062011719,297.33717651367186,298.7255554199219,299.5211486816406,299.88096618652344,303.2478393554687,304.28155029296875,2099-09-01
1017,294.38603515625005,294.6021728515625,295.8269500732422,296.8681945800781,297.3592529296875,300.76085815429684,301.82136108398436,2099-10-01
1018,291.1965631103515,291.3777130126953,292.37506103515625,292.9811706542969,293.9404296875,295.3394805908203,295.8039312744141,2099-11-01
1019,289.260634765625,289.497998046875,290.3710021972656,291.1334228515625,291.6099090576172,292.2228698730469,292.3928649902344,2099-12-01
1020,288.01009765624997,288.3308837890625,289.4320373535156,289.6961975097656,290.37945556640625,291.45493774414064,291.6294152832031,2100-01-01
1021,288.2487927246094,288.37750854492185,288.8959503173828,289.60791015625,289.91929626464844,291.0535064697266,291.3655841064453,2100-02-01
1022,288.29612548828123,288.3999389648437,289.1121826171875,290.41839599609375,290.71116638183594,291.04551086425784,291.13903381347654,2100-03-01
1023,288.7739801025391,289.1549346923828,290.72198486328125,291.5152893066406,292.32586669921875,294.32543029785154,294.8083233642578,2100-04-01
1024,291.530380859375,291.75517578125,292.7395324707031,293.3879699707031,293.4525604248047,296.5133880615234,297.5604656982422,2100-05-01
1025,294.21805297851563,294.44500122070315,295.72108459472656,296.6283264160156,297.71571350097656,302.4520324707031,303.9167736816406,2100-06-01
1026,296.90255554199223,297.1614593505859,298.8459014892578,300.2848815917969,301.8943634033203,306.024462890625,307.327353515625,2100-07-01
1027,298.67512939453127,298.7959350585937,300.11744689941406,301.92987060546875,303.58360290527344,306.8915222167969,307.4839196777344,2100-08-01
1028,298.65658081054687,298.68927612304685,298.9910583496094,300.6014404296875,301.36878967285156,304.10314025878904,305.0315655517578,2100-09-01
1029,294.8784387207031,294.92551879882814,295.19419860839844,296.19940185546875,297.962646484375,299.2403900146484,299.6279364013672,2100-10-01
1030,290.71252075195315,290.95713500976564,291.98912048339844,292.7409362792969,294.296142578125,294.51402587890624,294.52397216796874,2100-11-01
1031,289.8015692138672,289.8180267333984,290.12518310546875,290.6396484375,291.3625183105469,292.37425537109374,292.61308349609374,2100-12-01
